-4.484886338117365923e-01
-1.076056256185264903e+00
1.825999191900264718e+00
-4.052524275954634825e-01
-2.488412718327029372e-01
-3.859541324941639928e-01
4.463037940872056630e-01
2.229774952246466324e-01
4.229904882426016588e-01
-5.585676225340664436e-01
-1.434533648112991944e-01
8.856237390384382735e-01
2.840253971654346787e-01
-6.315850709524269968e-01
-1.897951477082472582e+00
1.636326269739670103e+00
-3.412350173473749138e+00
-4.571090985352553593e-02
9.999997293426767797e-01
3.465047122730842144e-01
-8.900466131736207709e-01
1.645363032843401685e+00
-1.499107164776073420e-01
-9.688117588790778889e-01
-1.192427863748652284e+00
-7.716883245927332879e-01
-2.635502516405917595e-01
9.434367559945856518e-01
-1.591944225490249942e-01
4.284257766997435768e-01
5.682849426039491281e-01
1.675595280965218592e+00
-1.013641894382580066e-01
-1.460741413141198430e+00
7.957815884360005532e-01
-1.695849697485854110e-02
9.439084343870180957e-03
-5.992740900160712370e-01
-1.015818737372536029e+00
5.382658773772153182e-01
-1.322801915327347644e-01
-7.611719569363639692e-01
5.907597605064047741e-01
7.076107514304899038e-01
-9.814629145564929269e-02
1.050568764321442972e+00
1.066189451239143882e+00
1.097346343674099334e+00
4.385179488226820244e-01
-7.686043202462624624e-01
-1.179873745396778695e+00
3.894063821035088635e-01
-1.160271894821943262e+00
-1.372805603050444301e-01
1.859302504505486453e-01
-1.649048304633626172e+00
1.913905500429787798e+00
-1.525699770449532311e-01
6.213504923778547795e-01
3.251061907386714744e-01
-1.349151581876282535e-01
9.986434423607474242e-01
8.858241961387702812e-01
1.456854085297226264e+00
-7.454215641778088042e-01
-1.467150703383781618e-01
-2.199791689688817442e+00
-3.480324797598509656e-01
-5.400141780948573000e-01
-8.415498142936318482e-01
5.325997914697705449e-01
-8.505137080271450989e-01
5.850572217937898278e-01
-1.792053963097831826e+00
-4.591113596670950980e-01
1.453581392818158902e+00
-6.635890340060409676e-01
-1.162690104883728148e+00
-4.973309438081364164e-01
1.905084341974514761e-01
-1.771711128588005613e+00
2.060193669340136147e+00
1.400360965013986103e+00
1.304438601616878080e+00
-1.116300616341599827e+00
4.081625663159526018e-01
-9.266317175758206348e-01
-2.669244166872081214e-01
-2.106611692202944863e-01
-1.166965114698199218e-01
-3.526133178786705624e-01
1.988988587738190095e+00
8.615883872355567519e-01
3.579763791966986686e-01
1.064495816464153144e+00
1.251895248060280963e+00
-4.251523636815546237e-01
-2.753416080050067986e-03
1.334060778901994537e-01
5.129642680659124432e-01
-9.018738347068145922e-01
5.883270312281282388e-01
-2.137639789379439936e-01
5.892915018244165859e-01
1.455923624381546322e+00
9.617682149622369669e-01
2.515415082122750001e-01
-2.718410781707404356e-01
-1.176719875273885885e+00
-1.388804839368513511e+00
1.122328052841722990e+00
-9.339558709681199389e-01
-6.615943378173387845e-01
8.088913939967734557e-01
1.370442806685675086e+00
4.908489729716009609e-01
2.896865887475091328e-01
-9.987800794276551208e-01
9.711426303208354760e-01
5.373035850213260245e-01
3.779813946361674781e-01
4.932156975879907757e-01
-7.392436519023437569e-02
-7.257550495612716812e-01
1.155532544198460077e+00
3.515058510957226323e-01
-6.775529176178342050e-01
1.569164567145727940e+00
-2.086593876758426613e-01
-5.365407975266803797e-01
-9.095502559713216639e-01
-4.550799611052719906e-01
-1.092947157611130704e+00
1.471713003526216312e-01
-1.924257232432618758e-01
9.697530623638390690e-01
-1.017334608821421682e+00
-1.173983727942029098e+00
-6.959657570399363502e-01
-8.689771460960368232e-01
1.365580091469070334e+00
4.077979156767323476e-01
-8.718074651824661014e-01
-7.106798261320490528e-02
1.259095152615372415e+00
4.347241316021961954e-01
-1.820969092825329483e+00
-6.869955496914625925e-02
-4.504451069985529466e-01
1.515594249014641459e+00
7.579367727668823163e-01
1.615953878199614946e-01
-7.589510896015559949e-01
1.020313899084377640e+00
-9.888160394474079240e-01
1.005761571683556399e+00
2.216930783643252245e-01
2.851405866276083834e-01
2.230841957340277126e+00
-2.079900406464461615e-01
-4.406431272115194503e-02
8.480052347104776178e-01
-3.241457233674919225e-01
9.311455823397886411e-02
2.689588927623791648e-01
8.710061420343945260e-01
1.684608183636797374e-01
-1.521594500782932124e+00
-8.495480236692771747e-01
-3.794472232260560074e-01
4.675972521689867462e-02
-1.130139947770126385e+00
1.542083985723041506e+00
-1.738889823858696726e+00
7.237587994081230436e-01
1.007222658045018177e-01
-3.588253264489896927e-02
-1.287970033623284882e+00
-8.436159620304781726e-01
-5.566078604739017610e-01
-6.647715473278920095e-01
-1.239776634441031034e+00
-5.141600182608221936e-02
-3.312786899067104440e-01
3.441807321984661772e-01
3.365819799951184632e-01
2.404703339242034499e+00
-1.197765204755915525e+00
-1.305515774640483517e+00
-5.750248890945400815e-01
-5.280255401773191748e-01
-7.570392334045700222e-01
-1.177094055333009592e+00
4.034794482862617548e-01
-5.144173872892889854e-01
-3.550482440666397621e-01
1.818552440911462842e+00
1.977681596424064603e-01
1.162955662534893797e+00
2.673941789231449873e-01
6.135357777813574831e-01
-7.886823728575600434e-01
-1.397262802416640914e+00
-6.878827811719525620e-01
8.157110897325796639e-01
-1.463531178091516782e+00
1.202175476694778755e+00
-1.853317972014899118e+00
4.865529761790871599e-01
-4.595517441477894316e-01
-1.139810829787214486e-01
8.608202327200921156e-01
1.141273774134658359e+00
-9.354518612790947707e-02
1.162380895283419147e+00
1.176303911130965663e+00
-7.240803391551359214e-01
-1.584648497888759833e+00
1.372592339530479100e+00
1.169782369037595471e+00
-4.979959420382893964e-01
1.405279193051544584e-01
-1.142594463836350271e-01
-4.134836228937374680e-01
-4.292724526599478452e-01
1.220989517978843031e+00
-2.827455603296531450e-01
-1.405363574329750120e+00
-6.839385069023686814e-01
-3.669309844723686598e-01
-4.785827944915786551e-03
-4.880537173441348298e-01
-1.726148993738647386e+00
3.060126851350380761e+00
1.207160132789280915e+00
2.013820245484365390e-01
-1.766364139072457151e+00
1.273185976375813988e+00
2.959691996586763518e-01
3.982954481533082514e-01
-3.961371149566255134e-01
1.255442416134917805e+00
9.101648183739583509e-01
-1.232552974553677849e+00
9.791451540477741355e-01
4.950582835511240787e-01
2.725165907052939485e+00
-4.035956546539883061e-02
-1.243049603074613207e+00
2.842059941222725983e-01
1.614000899436712322e+00
1.878803423619577750e-01
-1.583289854313164879e-01
4.248071160628673626e-01
1.542547435519145083e+00
-1.312314371534921031e+00
-1.035266741253978218e+00
-1.010997458062230736e+00
-3.043359233703682443e-01
-3.478133414417344249e-01
-1.753203331463988990e+00
1.072028913125994798e+00
6.988708513405884615e-01
-5.173027393241330651e-01
1.366085660319951600e+00
-1.977224831981802197e-02
-7.666374417678216702e-01
1.211984925253822398e+00
3.778798835630777786e-01
-4.833489444969452098e-01
-1.622688622662268043e-01
1.115218670500381482e+00
-7.875897190005441695e-02
-1.328652080580003392e-01
-4.835842498749026164e-01
-1.570274785081375579e-01
5.585640467743002713e-01
1.195392705225995833e+00
-9.160092042389365863e-02
9.997754285106107419e-01
3.587718698692740626e-01
-1.308573655812067749e+00
-5.862786297035545990e-01
4.609343674210367725e-01
-1.753871268676865824e+00
-1.629177045010300917e+00
1.469750566202260522e+00
7.386851849283383731e-02
-1.021175737958598617e+00
-3.826875696556775730e-01
-2.104092110343961375e-01
-1.092456613518663112e-02
-8.408907811482365657e-01
-1.973007242852723719e-01
1.112990289999780114e+00
-5.038296519915097527e-01
-6.448192492736821990e-02
7.529257368976635112e-01
-1.032688082836443061e-01
-1.326590644275453812e+00
1.524270834937629493e+00
2.857620542351480691e-02
-1.645316719252290172e+00
-9.167452849056735575e-02
1.248301169371525354e+00
1.753788593465293477e+00
5.739492683711610033e-01
2.967928510664420011e-02
-6.067050439349761515e-01
-2.047666364171234765e-01
2.020158797812881546e-01
-1.562301002225103597e+00
-1.170778525847790741e+00
1.874900429052946821e-02
-1.922841066754152894e-01
1.158076741843073520e+00
8.334612608553001456e-01
5.715461681287223872e-01
-6.911344165338320078e-01
-3.976234751492960795e-01
-2.643747494143488641e+00
7.253808123415027287e-02
-1.405082049137212075e-01
2.955718651059873747e-01
-1.876428625692180274e+00
1.096781582874708505e-01
-2.674536342581692594e-01
-1.965058294423500246e-02
-4.449002722978957491e-01
-7.932770857847095680e-01
6.213117471904473499e-01
4.495827910180627551e-01
-1.075081722460906164e+00
1.614856337588084445e+00
-3.958528754406452910e-01
1.298665866451328643e+00
1.301958199396503202e-01
-1.779084200580359765e+00
3.553756055698608640e-01
1.362603874232982681e+00
3.314966435600975592e-01
-5.922558623884086604e-01
1.161366419929749094e+00
4.338782409392744621e-01
-2.058616695867040713e-01
9.577943153553922229e-02
-1.684943198038377554e+00
-1.263331560068319703e+00
-1.327661807275310579e+00
1.097001892744195795e+00
-4.750566102197428808e-01
7.266011710091829778e-01
-6.078047176050699330e-01
2.831075185737727887e-02
-2.050854196944657204e+00
-4.274304751405715863e-01
8.073738311028542114e-01
4.181840209092305138e-01
1.366514540606648787e+00
-8.359605902378458575e-01
-4.751492111186470524e-01
-1.858970968246365096e+00
-6.917767391562139323e-02
-2.609387900067855481e-01
5.243070614316466260e-01
6.829345099604913760e-02
-3.266863032367055553e-01
7.722900493548079393e-01
-9.454765188461429146e-03
4.325061616373213624e-01
-1.653560844487931503e+00
-6.394548809462416994e-01
4.682010887041169189e-01
1.976251055598418627e-01
5.591409050231777034e-01
-6.727397964677371833e-01
-1.065070211458577054e+00
3.246239094660340885e-01
-1.044669234318134299e+00
2.918342898544087127e+00
-1.226420740396544806e+00
8.870180627348025482e-01
-5.571394762290732272e-01
7.158013090017363300e-01
-1.990530970714852466e-01
-2.978287099328492116e-01
1.218914802315897161e-01
9.191294805628468234e-01
-2.339902022253600222e+00
6.522238911130405770e-01
3.202226721015016264e-01
-2.187571196554699213e-02
-1.267321092403248251e-01
2.083501304490139372e+00
2.593193482052740806e-01
6.177528883242847657e-01
-6.166233896858879654e-02
1.104866835332756425e+00
3.012582152406027891e+00
-1.108855531722601623e-01
-4.490810387327021647e-01
-1.302404281067083502e+00
6.547310346419539240e-01
1.767880931758309959e+00
2.833404081992533796e-01
-8.880611762191105152e-01
-1.999631568120527683e-02
3.106127514755272490e-01
-4.594680559297482092e-01
1.190150054405682667e+00
-2.939705708316249777e-01
8.673533913871062095e-01
9.098629769190956507e-02
7.768983699036242641e-01
-3.909323785504007498e-01
-1.080976680252877964e+00
4.403376916607497082e-01
9.304687550090282588e-01
1.599349976541323493e+00
-3.396566957810189247e-01
-1.074826048416598345e+00
-4.881146955755328448e-02
2.641577322886482726e+00
3.408447137366285573e-01
8.176108694300776580e-01
3.865643050022665728e-01
-3.906848936027862429e-01
8.535171910987319199e-01
8.840046564824064479e-01
-9.557262024269654044e-02
1.393348115222410588e-01
-1.524688706902405377e-01
-2.252535729387452335e-01
-1.929796940934179528e+00
1.862247071858790459e+00
1.934334555148635504e+00
1.944158965869380307e+00
1.088524116777856543e+00
9.087278603756600015e-01
8.499367233674419708e-01
-1.125154139068585080e+00
4.355084717041147746e-01
2.502332825563720053e+00
9.765846670518978367e-01
1.586476145916912328e+00
9.733346886886967697e-01
8.690004439624229859e-02
3.121879571104787393e-02
4.451995329786521960e-02
-1.173717549383719305e+00
1.049034622737882172e+00
1.179309354993380188e+00
3.922311671925208909e+00
1.598244260932691008e+00
3.914408665854438030e-01
9.678921026373855652e-01
2.087723566779296824e+00
-5.450255040675112683e-01
6.932326459618566306e-01
9.434412119382402651e-01
-1.243061976889653808e+00
1.542215806628375097e+00
-2.038089813313255783e-01
-2.220663602282700877e-01
-3.534305733376371106e-01
1.266699990226154426e+00
5.755443345947729439e-01
4.194856310224538976e-01
1.584924630668759660e+00
1.995021449630922206e+00
1.997349149779198862e+00
-1.117560139638818367e-01
-1.641599026784149817e+00
1.899666426025199695e-01
4.344172842956466329e-01
-1.408177958963203968e+00
-4.923845863898939079e-01
-1.567991780743314356e+00
-1.185220778464087521e-01
2.115289070557191842e+00
-1.146800911134838730e+00
3.779513071585171580e-01
-1.139321901770347534e+00
2.490858342679086679e+00
-3.664069575963375125e-01
-1.273580287366621600e-01
7.172762503573688608e-01
-1.006892190371143192e+00
5.434208390400431243e-01
4.866939633367384777e-01
-1.072949228248960774e+00
-8.481469967588479708e-01
-3.116215561944290502e-01
2.173073580785556569e+00
-2.639571835556631663e-01
-1.288231585498967213e+00
9.410540182696658373e-01
4.365628632641168072e-01
1.847679904084025937e+00
-8.626821922677438970e-01
8.622254073638971894e-01
-9.894924392030709503e-01
-3.283539908459573442e-01
-3.524339526992981142e-01
-3.026868515331192500e-01
-1.431239591897173868e+00
-9.689480755722794381e-02
-9.672749955158673751e-01
2.413368091535343096e-01
-2.583369925482024709e-01
1.600561146881872787e+00
5.794298628326060019e-01
1.453171106657216161e+00
9.480634666074370109e-01
-1.574086169214865827e-01
-1.063907500905490605e-01
1.824285029278304604e+00
1.534058629107240279e-01
-1.305607233246840693e+00
3.473004701471391065e-01
1.260703624542174550e+00
-1.750397962141005126e-02
-3.115115698001146294e-01
-3.915687210873767254e-01
-2.720430578571629843e-01
8.131681364664918032e-03
1.382483211613236840e+00
-4.301246334665517201e-01
-8.419264230188711062e-01
-5.713231962480176396e-01
-8.378816953834954395e-01
6.544574919652111911e-01
1.067446005183297686e+00
3.593144804588897789e-02
-1.871412013836982080e+00
7.163175728963150357e-01
-8.889742327568267433e-01
-6.385651423043280372e-01
-1.953733340610445401e-01
1.506689356774863209e-01
-4.042285906233095832e-02
1.105907667942438000e+00
1.703498114721686274e-01
-1.702132129521519266e+00
-2.364204431012753571e-01
4.255249058880478108e-01
-1.099237698802575158e+00
-1.621986105271806755e+00
2.281780724831809160e+00
-1.396673941222558168e+00
-1.219938159993199100e+00
-1.185289944013455443e+00
8.118247358929470137e-01
4.039094091686344923e-01
-8.566654549087978632e-01
2.079205015546675694e-01
-1.618193989152325374e+00
-2.156186037487760387e+00
-2.724975279769012992e+00
-2.289123846919053129e+00
-1.785601918754867956e+00
-1.474749360177542767e+00
-1.855822778329105915e+00
-1.221306533160572694e-01
-8.566447733332781533e-01
-3.869286772003585617e-01
5.765728087753769771e-01
7.196181126649898729e-01
3.017003906583879402e-01
-9.580003462190080921e-01
1.175308189352863408e+00
1.685828612155086947e+00
9.967530564872852938e-01
-1.120240886503087285e+00
-1.574400670933547630e+00
6.807203639284697960e-02
-1.341182105068266184e+00
-2.245736890727384250e+00
8.430275526125119434e-01
2.258516053114889566e+00
7.234506433232034128e-01
-6.791091231432286879e-01
6.936342252734027936e-01
-2.424038955237533877e+00
3.043921055264379727e-01
1.475646707696867121e+00
3.792500208736106493e-01
-1.632997720224302063e-01
-1.593207656103337255e+00
-1.388629508216767672e+00
-8.269485048168643271e-01
-1.414453564105505046e-01
1.755046594043677022e+00
3.323598689300785725e-01
1.490211860512529185e-01
-5.491148550977074105e-01
-8.632770373856392121e-01
7.999960989382203236e-01
1.098599092515479825e+00
3.752495702801818267e-02
1.186232611248915353e-01
7.245323166011381488e-01
1.817818693618321879e-01
1.424410309696505061e+00
1.281791156920917274e+00
-4.101357153071665818e-01
-1.092615752182355682e-01
7.086903093899585837e-01
-3.829393289075852524e-01
1.097071843089910459e+00
6.088741730892824888e-01
8.490836731822676287e-01
-3.693778083516871535e-01
2.637357342925356618e-01
5.063974128111428108e-01
-3.127377667505809589e-01
1.350744120727505881e-01
-6.627928806719779464e-01
-1.338797490849522820e+00
1.883740099301141058e+00
2.161322838553401127e+00
-5.557141724926639714e-01
6.498696878574706792e-01
-3.509188205936823041e-02
-1.887567360631556390e+00
5.636860596628269215e-01
-3.636939265616603856e-02
-6.376708051352193429e-01
1.082753028842933452e+00
2.014857735756072188e+00
-3.852891056238981760e-01
-3.398094099135146595e-01
2.133634822563681865e+00
-4.025765151940485231e-01
9.839523421264727565e-01
2.105303962455890687e+00
-1.407345583259977662e-01
-8.280141544399353126e-01
-1.115175972123629178e+00
3.348297032181705157e-01
7.324492792221711790e-01
-2.079519206896322192e+00
-4.445492159700200063e-01
1.913092717146168964e-01
5.349197543613370964e-01
7.838552769732777536e-02
1.393115308104109440e+00
2.615218306218709543e+00
2.401509850688345604e-01
-1.544369243043452744e-01
8.626017981964951842e-01
-6.051773086882488162e-01
-1.114190009181750929e+00
1.141406921439676037e+00
1.342865700895033765e+00
1.582211163718413749e+00
-3.360368920014057958e-01
6.736731793539840751e-01
3.670469817627913800e-01
-1.498475746387509577e+00
5.514179692930902543e-02
-2.182656033857542088e-01
2.015242041249440952e-01
6.979692652698513688e-01
4.251356105287105724e-01
-1.482211383343628730e-01
2.380987978364044189e+00
-1.424359700466142131e+00
7.664824929811243637e-01
1.154179590801106325e+00
-1.982978670741034621e-01
7.109740350132354170e-01
1.058427846508988024e+00
9.205410126041743135e-01
2.002414843058031857e-01
-1.244506705234821459e-01
-9.378483288439253274e-01
-1.814391639145727653e-01
5.903082586241733543e-01
1.502620886123179123e+00
7.679029006656277190e-01
-4.371811530776507082e-01
-1.670561811924138107e+00
1.440356985047580141e+00
-2.429829562474802862e-01
-1.183818824696883931e+00
3.505972594887506455e-01
9.820303342184039108e-01
9.577113182536711733e-01
4.439281047820169968e-01
5.471685824377239271e-01
-9.615978111189449340e-01
4.720417762717520893e-01
1.754860261461396842e+00
4.431524420499086681e-01
6.532570427057646789e-01
3.965395904214290002e-01
7.566827554751118790e-01
-4.634522985173840093e-01
-1.554772809705860098e-02
-6.606187691996412426e-01
-2.377296712307074511e+00
6.994838594248511399e-01
6.830536181767955517e-01
4.813015294956397155e-02
1.295967718454013873e-01
4.397654434232237119e-01
9.924892013882671837e-02
-1.163245645401976169e+00
-7.948688582803470348e-01
2.539765977974553501e-02
9.362867093050423195e-01
3.303297314106556914e-01
-1.254222368488121298e+00
1.224154957218637485e-01
3.319699758292488645e-01
-1.990833534263797500e+00
-1.012306171236704161e-01
9.804013513971221450e-01
-1.049339793182054309e-01
3.339279240224833911e-01
4.077096293739959076e-01
-3.532227344691962062e-02
-9.301804527286892110e-01
2.712457271356173982e-01
4.229724037275326420e-01
3.585324654932829924e-01
3.011585278889558071e-01
-1.013885646093063642e+00
5.401179810514053492e-02
1.291934762782342705e-01
4.218996918353442038e-01
-5.643257572801403388e-01
9.047490078460838081e-01
1.940523656418090270e-01
1.217420601185975171e+00
-6.387346974982461845e-01
3.818566355228976694e-01
8.273955955537420914e-01
-4.637210196709206506e-02
-1.871044964947761458e-01
-5.558144424077928747e-01
-1.565407737892325901e+00
1.179332662955747540e-01
6.027298338455680526e-02
3.270661843819471781e-01
-1.367916433558122202e+00
3.644663695231226130e-01
8.625367381852440118e-01
1.116540839657756745e+00
-5.031779518348394875e-01
6.013443739687654999e-01
-4.241559751006644396e-01
-7.882389032065879597e-01
1.656052610832785266e-01
7.231199792064291199e-01
1.135671053562280264e+00
1.251091182605231555e+00
-8.636737012774185762e-02
-1.536705692633950182e+00
-1.998623325154254837e-01
-6.452909791930976358e-01
7.162337598637553704e-01
-3.697349310594164051e-01
-2.874793431121640611e-02
-2.699662220208463581e-01
-7.204206897312209756e-01
1.859547274671092598e+00
-4.057625939642097168e-01
1.938485057258738875e+00
5.708450208411466331e-01
-2.276335696625347849e-01
8.061331674778819956e-01
5.277831976341851306e-01
8.198133850804375511e-01
-4.292848065830947579e-01
-6.625412988962367522e-02
7.164745884012233557e-01
-1.659210895778829187e+00
-8.020207223606511393e-01
3.671515704940417901e-01
-1.462799017418852099e+00
-8.246654044774972547e-01
-8.237384074531229894e-01
6.261456290781252099e-01
5.108200589978766359e-01
6.208328530638294873e-02
-1.076960117123014316e+00
-3.425611360946417272e-01
7.852889204288203695e-01
-2.217335748064978296e-01
1.486936088440019788e+00
-1.383867985979204018e+00
4.376657216197296640e-01
3.968063106710756349e-02
1.776325285841591217e+00
1.645471839919742107e+00
3.441489151759329346e-01
-3.714799770903559062e-01
1.504111560903931943e+00
-1.330632195464865331e-01
-1.013457371358594594e+00
7.799279640901467525e-01
-6.353014526783619109e-01
9.709779948261397509e-02
6.888522229869900038e-01
2.307552991169266599e-01
2.028498002552027099e-02
4.053672763651284816e-01
-1.154395157632426283e+00
4.956954788004179768e-01
4.537542365638868591e-01
-7.270514033561774614e-01
3.773325471771444284e-01
-4.359890992685115374e-01
3.229675320754743506e-01
4.476485206579696730e-01
2.939205316637563126e-01
-1.021613160826503774e+00
-1.778178354619191159e+00
3.706776270982409249e-01
2.933332194065152998e-01
1.268623611983031640e+00
1.891479459541407782e-01
-1.087984523897064681e+00
-5.007046827155553492e-01
1.215006662706533458e+00
1.728379168611496208e+00
7.922219118539289839e-01
-2.571488194153268569e-01
9.535096533577765987e-01
-1.380044145623067764e-01
-3.051467675720533901e-01
-8.438803770488838563e-01
-8.662032969212480893e-01
-8.621340332777125415e-01
-1.041133493358123718e-01
2.808067348460851598e+00
1.442670858093431763e+00
1.604300878520030560e+00
-1.030073102229035253e+00
-1.145172767783290552e-01
-1.236369153267182774e+00
7.020873392975821581e-01
-4.256188851594240874e-01
5.804184092119079041e-01
2.924675945895002793e-01
-3.847940951901546169e-01
5.939752325943336020e-01
7.301415914182217692e-01
-7.069448351098018835e-01
-1.252275616462277474e+00
-8.374459532445804877e-01
-3.456655843872980527e-01
-2.916470559479238389e-01
1.721587733413269650e+00
1.730274350689358975e+00
-4.316480240407961078e-01
1.530889065162065465e+00
-6.030695350413790568e-01
1.764650076150855895e+00
1.646150128155386083e+00
-8.186354533133899380e-01
5.357089260576296530e-01
9.572194136543193954e-01
3.087666103358596703e-01
-1.472016879508986631e-01
-1.550355537486694191e+00
-3.461823520470578841e-01
-2.251816649757225619e+00
-4.480363910075602640e-01
1.083833043994609113e+00
-1.411738506304729190e+00
-1.016958460032156397e+00
2.486007427600343822e-01
7.411674404558501461e-01
1.036283693769933095e-01
1.768315034556631415e+00
1.989791938374683433e-01
2.158492679289076080e-02
2.719345620051523138e-01
-5.875934687685693270e-01
1.598183538177411434e+00
7.122475194150584832e-02
-4.650585728367157556e-01
7.506239731090770251e-01
-1.098047492309419448e+00
1.745008470803742995e+00
4.968835181142718938e-01
6.298503762426447272e-01
-7.959881429293500510e-01
3.800251838868202170e-01
-8.135881819352771549e-01
1.041439381689498678e+00
8.916730174683370480e-01
-5.160257254624339707e-01
3.458861654651478740e-02
5.905962396985712237e-01
-3.388379356567187140e-01
3.109649170673400853e-01
1.081268971654398003e-01
4.579130369667234191e-01
8.753448699102440722e-01
-1.545518430175386593e+00
1.126457121310934006e+00
3.857252906233712975e-01
2.692455723604449819e-02
-5.638983062421158987e-01
-4.565478912943015527e-02
-1.605176485278619447e+00
6.621583012211992303e-01
-3.956450106631696773e-02
4.066872758505762353e-01
-3.077250656115398386e-01
7.631909136672333505e-01
-4.373650962123438179e-01
-7.300952239844502589e-01
-5.637963323038140684e-02
-6.696661437421584928e-01
8.878806201346338411e-02
-3.008234811226317418e-01
8.049512401765767100e-01
-4.769510278222394151e-01
-1.432882403762383849e-01
-5.595188702227615885e-01
-2.041675187627764565e+00
1.217601191435056629e+00
-6.661274849596594827e-02
1.207481901903046939e+00
4.740550401546418935e-01
-1.755876388348377171e-01
-3.323095460998946038e-01
3.035970826907670173e-01
-1.959219921894163496e+00
8.197336376266451952e-01
4.876694772946523204e-01
-2.316342306048986721e+00
-6.240446222264331988e-01
1.011180586758920974e+00
8.223734825144202176e-01
-9.199821402518081337e-01
9.196651622904042367e-02
-1.324863338625080766e+00
9.571484909190191015e-01
8.336970838615433976e-01
-5.559346181268322029e-01
5.437570010915723784e-02
1.214411300201016397e+00
3.251636040749671386e-01
5.240285919471764364e-01
-6.272009343127830094e-01
3.322408178486172675e-02
3.524262552709129248e-01
8.741172973322149931e-01
-1.492926642989331198e-01
3.338598179209959632e-02
3.850824316440482620e-01
1.305449033872858045e-01
1.493540019295863885e+00
-7.391478093808413474e-01
1.361424920052529686e+00
6.119537135326130750e-01
1.772208290939812025e+00
-1.250741709596549844e+00
6.255861942627585215e-01
9.443516654681249900e-01
-2.903054695661012596e-01
9.227281349628750906e-01
-2.016338281544042044e+00
3.113871068423684080e-02
-2.632954155609758540e-01
2.126938980152945913e+00
-1.003377232287550491e+00
1.306542062960265982e+00
-1.012839507139221329e+00
6.356662867019313712e-01
-4.002007352560278397e-01
1.438881961205492610e+00
-4.947842132052188840e-02
1.922886654682911534e+00
3.769415571404293175e-01
-1.803698481644612439e+00
-1.784158828488893400e+00
2.323286377690569893e-01
-1.162400415036504597e+00
5.480076954082719887e-01
8.909738348243803063e-01
1.048956735161535037e-01
-8.251060536135180756e-01
-1.270487265316828207e+00
-6.503988174483781304e-01
7.076153803736229264e-01
-1.996371181391157990e+00
1.073942386018973183e+00
1.115208493648332633e+00
3.849383440395193201e-02
-1.277500893948886773e+00
-8.661934163000126752e-01
-4.011925215779620912e-01
1.429867320601946101e+00
