2.720134860744021221e+00
1.820409464027686608e-01
-5.019810293129849388e-01
6.791900004626880705e-01
-6.935566060138005362e-01
-9.881402394415192969e-01
7.096535965386283618e-01
-5.742330904475777265e-02
5.648989137527509197e-01
-8.741428472341087330e-01
-2.094775342823372299e-01
3.861106609260634426e-01
-4.988633491728408642e-01
-1.809606223719621362e-02
1.649317325963390424e+00
-7.368219725806167686e-01
-9.836799594834645388e-01
1.597368037530275009e+00
-1.453846737780153386e+00
-7.671109067911349166e-01
1.201527812308425869e+00
-2.457904427291150162e-01
-4.770723093869966847e-01
-3.263530400982900259e-01
-7.942210528732013275e-01
1.209724115367513814e-01
-1.714948327516882198e+00
2.551304354476787717e-01
-1.241532222253677542e+00
-1.819357972169999005e-01
-4.461920690830155634e-01
2.259425108053972675e+00
-1.077077363431753643e+00
1.218407479195164234e+00
-1.031884710481794976e+00
-3.827569359119757375e-01
-1.958882273442902888e-01
1.465344666646821503e+00
1.423152109826961498e+00
4.780353535003951659e-01
-2.996982457839164837e+00
4.053994702152822344e-02
-3.040843262105751010e-02
8.459621281417181171e-01
4.500414032929306307e-01
9.002174080719657079e-01
-6.012371679554076032e-01
9.482784683707272677e-01
-1.368205949459265103e+00
8.445598944177706846e-01
-2.668891589083584592e-01
-1.283112197010538580e+00
7.283306532156499369e-01
-1.281303877221998677e+00
-7.188202939886823017e-01
1.369038417852215250e+00
-6.062829425063844813e-01
5.547542103802942659e-01
-1.194878865805677481e+00
1.479072486733194136e+00
-1.592440268278057625e+00
1.128606620984321518e+00
-8.791087029655919594e-01
-1.373622540857551533e+00
8.314366703139812742e-01
9.963042316925676545e-01
2.292646602977071180e-01
-1.185617659187835793e+00
-5.944084212227130487e-02
1.305970314330950233e+00
1.871478191568756722e-01
1.120493740760570983e-01
3.613166083157018926e-01
7.716637002315754335e-02
8.084841395141206810e-01
-1.168974230213730425e-01
-7.331126215217337316e-02
-1.639331511673690400e+00
-2.857499080218432463e-01
4.431748959128993248e-01
7.797538846380442923e-01
1.223104864815064419e+00
1.650958315105282292e-01
6.148496416284946475e-01
-1.859106588169232577e+00
1.118570546298031931e-01
7.953038103413511140e-01
2.929284767208706897e-01
7.313809329304206130e-01
7.053391469484231457e-01
8.227399783903798225e-01
-5.925198013843859801e-01
7.752373988757330636e-01
2.057347244525263186e+00
-5.314293738924452670e-01
4.849058062397290092e-01
2.499658574250496756e-01
-2.451759489516841306e+00
-2.067820368734823722e-01
2.023241931012714545e+00
1.606400418257615037e+00
3.986067713916167654e-01
-1.108402339933105996e+00
2.190440135110355013e-01
-3.670293168798189898e-01
-3.039006145243278167e-01
4.480156380672005167e-01
5.445863755818980412e-02
3.444773534234941148e-01
9.885764880085885498e-01
3.583533745999243347e-01
-1.103233629143727912e+00
4.044011087302414043e-02
7.062981373721258782e-01
-2.477913646806147868e-02
-1.275847498153823700e-01
-1.083724547365571889e+00
1.081715215530993507e-02
6.397828032675488830e-01
2.818727830382344174e-02
-1.664371839011654919e-01
-4.383028486126298029e-01
2.082288682024192872e-01
3.132567522297468043e-01
-3.372967987958316871e-01
-8.785620984726564275e-01
1.041042018306500339e+00
-2.985609633124000281e-02
1.464483010997287726e+00
8.105900064025712837e-01
-1.979911129549069893e+00
-6.193873334049502244e-01
1.241052667748808958e+00
8.492047974240642949e-01
3.770468005197487038e-01
-2.022207967506278070e+00
-1.146985951134338183e-01
6.102970720521214698e-01
1.930689502424360215e+00
1.452284648910522113e+00
-2.867891516577411704e+00
2.152703668840973528e+00
7.737091914936190806e-02
1.112243134562432810e-02
-1.608309377220173975e-01
2.485355805508699056e+00
-8.135772111792847205e-01
-6.995446228740271888e-01
-6.925740563359551460e-01
-6.288246501921742615e-01
-1.152886538695827578e+00
8.012062508529884663e-01
-1.104214841336060626e+00
1.457154303426574371e+00
6.448539873815005707e-01
1.454588516290561129e-01
6.121860411032573612e-01
-5.875812995420669482e-01
-1.164589426277070627e+00
-6.300654340731761671e-01
1.022660842156577904e-01
1.472693710426581148e+00
-3.689431262438949144e-01
-2.465873797904603038e-01
-8.467478487355342698e-02
-2.486313866465013622e-01
-8.824639383496940548e-01
1.064168658592227201e+00
1.724018168835375731e+00
5.187904381660622954e-01
3.505270908509395267e-01
1.372542675859882433e+00
9.966726023998232487e-01
-2.319639397210360610e+00
-1.308114266187234698e-01
2.035190544869774909e-01
1.057858719274290094e+00
-4.467681058168727626e-01
1.368874634597444517e-01
6.089655946396675956e-01
-5.240590831850346909e-01
-9.597555020966526129e-01
7.222496965972720062e-01
1.723245460800748807e+00
1.483128520311953746e+00
-4.002947846128272757e-02
-2.629969458741068689e+00
5.396762576950459023e-01
9.267711713434932941e-01
-1.247733958984007963e+00
-2.646966235021884217e-01
-9.702396100115491251e-01
9.438163588674304272e-01
-3.303804802686952646e-01
-1.727981168524604927e+00
6.337175161671634305e-01
-2.868882482939165771e-02
1.197782592930920043e+00
5.503872894887655853e-01
-4.882854412143986522e-01
-1.388927517233534470e+00
-4.638983504930954127e-01
-5.550668038323096631e-01
-7.599998602057530528e-01
1.648905070734518974e+00
1.044559248409237417e+00
-5.346970900096705837e-01
1.459208969726173644e+00
1.180740005244951957e-01
-1.604133403618678511e+00
1.519198184389473516e+00
9.116475703275515041e-01
1.166342526776861455e+00
2.420140574330631456e+00
-5.635206412929864017e-01
-7.662321262194712324e-01
-4.000408663475220339e-02
-5.228452246336302567e-01
-3.146238763789454551e-01
-1.061632420399786225e+00
1.993384206915696844e+00
-8.298530635026191149e-01
-4.245520611422414214e-01
7.791213061241506477e-01
-1.474404719579029077e+00
-1.904408110379241847e+00
-7.259167822077944310e-01
-1.170556394457878818e-01
-9.794836508316953627e-02
2.587046409201435374e-02
2.272927736389681319e-01
-6.751561303484182597e-01
1.964595842259222180e-01
-6.390684664766804746e-01
-1.020405295214048991e+00
-2.764699757763050894e-02
-2.222574592678961541e-02
-3.882494803808307915e-01
1.911853937529901237e-01
1.820660228057723096e+00
-1.425768603516794908e+00
-7.859723291438784898e-01
5.858908371172245194e-02
7.463366437930392117e-01
6.980848882868978533e-02
1.235372613534902603e-01
5.101177273378500188e-02
-2.263625232101834084e-01
1.572204832912030836e-01
1.742759478442579502e+00
-1.467110587474604044e-01
6.579596645017370404e-01
-1.271348099904949347e+00
1.470800192474575052e-01
-3.843008049585520947e-02
-7.345199032593394683e-01
4.299087197563324914e-01
-2.919360319981176843e-01
-1.329662051842837478e+00
5.069649423953078715e-01
-9.602365450559980919e-01
-1.796441794196843300e-01
-1.745990666602810881e+00
1.606024266766212349e+00
-1.433337184512605555e-01
-4.042454825891577674e-01
4.542160680435957110e-01
2.239900754010775222e-02
3.119387642391138749e-01
5.188798957622700048e-01
1.141242637455145426e+00
-1.852033451840456202e+00
-2.379222193761659498e-01
1.035750754110433380e+00
-1.414223855185451351e-01
-4.698721656963796844e-01
1.327204512117627910e+00
-6.361199781947820542e-01
3.399246171907458480e-01
-4.259455818774888769e-01
6.181838272458597405e-01
8.645139916132807967e-01
1.414671909304403563e+00
-9.322249900319082849e-01
-1.146680824487025685e+00
-1.095184866159014669e+00
1.580538406864052225e+00
8.780983888587916564e-01
1.696455040687661509e+00
1.409549293787203395e+00
-2.737551741550863782e-01
5.743588646333374070e-01
9.749650850634893340e-01
-1.150190033344749896e+00
6.954452680691146638e-01
-4.422050709893904918e-01
-1.556655645183642640e-02
-2.658269970478019939e-01
2.185753338784361066e+00
1.923019172987086245e+00
-1.250815891205518948e-01
-2.300984855377662619e+00
1.444489380792208788e+00
-3.245295662001667081e-01
2.996377392817251017e+00
-3.514731396209056502e-01
-3.540236249802760637e-01
5.377956754993946653e-01
-7.747758420369161847e-01
1.414142563395001106e+00
-1.268779996585945646e+00
-1.671915212643294568e+00
2.678471843906887195e-01
-1.615068616182137040e-01
-1.867171310435796538e+00
9.388483711549775249e-03
-3.482861815721808307e-01
1.210705529610753173e+00
4.386597486722423889e-01
2.972159833252738248e-01
-1.028462457902962868e+00
-8.040011665689952292e-01
-1.241147052620199753e+00
-2.096197541409435330e-02
-7.794384607772923967e-01
5.228669783272886784e-01
2.535007127948498556e-02
-5.606915138779432206e-02
-2.633982104183173467e-01
4.644553294137171995e-01
2.097289324234901942e-01
-9.563612133141523586e-01
-1.097343066727648919e+00
-5.739833411993099793e-02
-2.096343965461016645e-01
4.085778348932301296e-01
1.575593912337979186e-01
-1.094901034795429995e+00
-4.612841082273847482e-01
1.194973125621064391e-01
2.146415559074558721e-01
2.291439742987143313e-01
9.406412075051838739e-01
-3.848830035182067011e-01
9.689801393032001497e-01
7.065783187414567679e-02
9.523301663220761215e-01
8.690611019599666642e-01
-7.607399166749149177e-01
-1.665269831918850529e-01
-2.648448255421293140e+00
6.619458718303352640e-01
-7.858885622748371658e-01
-3.781721675489183587e-01
-5.240320807836281736e-01
-9.590218581146484622e-01
-7.815851372362527805e-01
4.891901562437322298e-02
-9.752241489917496953e-01
1.661297445781562576e+00
-3.173536590168208882e-01
3.990170640835044025e-01
-1.388397319143930053e+00
6.802239461175549895e-01
-5.092363954440068952e-01
4.919232249187739381e-01
-1.545347273761234375e+00
-9.537026839545013068e-01
6.497550139632217725e-01
-4.433211299903336844e-01
-8.691706601965653034e-01
1.703024997179812372e+00
2.285107575093574983e+00
-3.547773550076547822e-01
9.730753959530730191e-01
-6.414364678044419676e-01
-3.707161294509023208e-01
1.705496138010279272e-01
1.142865762031366250e+00
1.486165428632405805e-01
-1.835267938119744535e-01
-5.647109272521878554e-01
2.409920910859586207e-01
6.098903353814569828e-01
3.501566196031421496e-01
6.657107000193518420e-01
-5.764865210187513078e-01
-6.805741786664657456e-01
-2.381680137937272068e+00
-1.120803442867696731e+00
-6.770036865916342350e-01
1.905474927221945336e+00
1.378266645724509409e+00
-6.856364079077630347e-01
-4.959705598589232989e-01
4.216706193668995351e-01
-3.187228988146206810e-01
-1.197232923773049462e+00
-6.937776692136240486e-01
1.428462688867477778e-02
-4.069023474284769737e-01
-9.987982861525124267e-01
3.723472181666695469e-02
-1.482155897257605215e+00
-6.704947942410959261e-01
2.637641299828177507e-03
-1.326483578847927058e-01
2.374410733519636274e-01
-1.207020613412554677e-01
3.731797767252000853e-01
-1.377226547102453624e+00
-4.251945678028676290e-02
6.284486994989704756e-02
-1.668004977961071944e+00
-5.314207670332530276e-01
-6.373911503903235687e-01
-1.397425264944401890e-01
5.302163092195000260e-02
4.642379950128178168e-01
-2.404626773137956419e-01
1.068264287641399024e+00
5.248861313242612209e-02
-8.329103153981260999e-01
-1.126905240109442818e+00
-1.771310926464296776e+00
8.263254272142596391e-02
8.728715234960869596e-02
6.254259260214433125e-01
-1.944134517908851778e-01
1.774904495246419078e-01
-3.295736095905589802e-01
7.892475683526999353e-01
8.931959913644005322e-02
-1.571140749511681090e-01
1.744894404967701984e+00
-1.729629701906272965e+00
-3.069976061047798854e-01
-1.863803310781527944e+00
6.831409260719966126e-01
2.065110465979584087e-01
-5.375154238511243854e-01
2.318108447207405109e-01
3.312258023942241669e-01
-8.646496550488927957e-01
2.926324416086925062e-01
-2.065541338008244909e-01
6.518962224523756621e-01
-8.518386123233027130e-01
-2.729516249765028268e-01
-1.607235414781539751e+00
-8.595876233123215249e-01
-7.897793225946966311e-01
1.057227135601058743e+00
-9.126451982450742295e-02
1.313368746703536816e-01
-4.565674645389162373e-02
-1.687691196931285775e+00
-5.660983507825751576e-02
5.329177825106710120e-01
-8.217539653532884847e-01
-1.452353706385584697e+00
-1.569223451203660247e+00
8.633380399686014783e-01
-9.032760689846111579e-02
-3.950428931745388339e-01
-8.727666593223326608e-01
6.404212761291812328e-02
1.322932973719462169e+00
7.101528787775847340e-02
-7.889628763862286398e-01
-2.772561302621632251e-01
7.363159223900127559e-01
2.025407232781372802e+00
8.760040272010445606e-02
2.102721236471739863e-01
7.094857500429917196e-02
2.238247468285248232e+00
7.302155354801072029e-01
1.363976910733909254e+00
-7.312925807032503167e-01
-1.865157815456446877e-01
-7.372913285594286936e-01
-9.776063280686775325e-01
-1.374737309340817282e+00
-4.645770279910376166e-01
2.521789929681287901e-01
-7.698483836842651140e-01
1.235472269114842536e+00
-4.133198969565678449e-01
4.509310043625039954e-01
-5.657187348107367564e-01
-1.132147685184604180e+00
-3.290084158015242344e-01
1.951676957419166802e+00
1.034383857816879138e+00
1.442875224715512994e-01
9.959037515030619847e-01
5.557892869676032133e-01
-2.855846156561527849e-01
4.020726783014816341e-02
4.613932882135212549e-02
-1.037599670434477650e+00
6.731412065976576375e-01
3.322234230737054483e-01
-4.662087288119495798e-01
-7.174391718053276801e-01
-1.910875442598097607e+00
9.508168201161696365e-01
-1.990445214181564504e+00
-1.206726569789753123e+00
1.943417045588924363e+00
1.739233740120942340e+00
-3.635200500397350876e-01
7.283529947060438658e-01
1.568701981465697726e+00
-2.444436027756191621e-01
-2.055051459137519299e+00
-1.663251078643472325e-01
1.370631859386728935e-01
-2.477897532788737589e-01
7.944597354958760071e-01
1.455599592454677738e-01
-1.642618816780501589e+00
1.305622396430931920e+00
9.811809312281452033e-01
9.447621477359726197e-03
4.169641447297832149e-01
-7.188727733158192801e-02
-1.877520752047858177e-01
-1.411531429744955046e+00
-9.808722261240906404e-01
-5.628519268949871285e-02
-6.675778312537962167e-01
2.138613293713484520e+00
-1.968892880826159875e+00
-6.403679432423868834e-01
2.203806759691590678e+00
2.154278040715249809e-01
5.685822303546806955e-01
-2.120757836403914798e+00
4.375536121788171640e-01
1.660496875217148671e-01
-7.219759805378636042e-01
-1.433447969634136676e+00
5.081389032900025526e-01
1.048145630767621350e+00
1.925265669060168550e-01
4.053992430262322033e-01
4.502800897788289958e-01
-2.422226684671943686e-01
8.194994782476165973e-01
-8.133048086253377162e-01
8.925381062830287648e-01
-1.958954328902143827e+00
-1.985333330604817093e+00
-1.169380819469486132e+00
-3.773554604739772726e-03
5.339652151384820522e-01
-6.920208533505149973e-01
-1.048157302961184811e+00
5.457687350826492256e-01
-1.019161731300692875e+00
-9.492475363327328441e-01
-3.061922256127795894e-01
-1.368315912008917667e+00
2.901206431618316151e-01
-1.229411670378221189e+00
-2.843343205168450960e-01
-1.317984298113334507e+00
3.060330637409131374e-02
8.671753973699415641e-02
-1.965325850382088957e+00
4.005315214779559541e-01
-4.698817344076153812e-01
1.291223513117738531e+00
-4.332848197927145484e-01
-3.679529624112123365e-01
1.476960958790203504e+00
-2.588061618726243962e-01
-8.949247299923458465e-01
-7.216872088275200214e-01
-4.315639795950025892e-01
4.606311722087466087e-01
-8.149352451343521153e-01
-2.063194664447764448e-01
-1.162895744332850256e+00
3.241244050411449251e-01
-2.149859547477359079e-02
3.052503649929595997e-01
6.248344153575788873e-01
2.996302401091618384e-01
-2.055493592135183789e+00
-1.234975004940489285e+00
-7.211479692272462216e-01
-1.376586414594715979e+00
1.840379813155767763e-01
1.967751941699535490e+00
-1.219336717768007228e+00
4.596042780139258932e-01
-1.549863260805245835e+00
-3.579281658449646186e-01
-5.598250264375240759e-01
-6.303271078214122136e-01
8.063520690647656419e-01
1.470615094026680003e+00
2.478828569739481291e-01
-7.523304001830211085e-01
-4.887337336920673930e-02
-1.097302348433256469e+00
-5.438020426655643808e-02
6.984681484009716002e-01
6.719875477448644663e-02
-7.549626108984456296e-01
3.976859016952521975e-01
9.570206597528018166e-01
-4.376989706368740463e-02
8.571460457417027223e-01
3.481004696413911859e-01
-4.256966505284205393e-01
-1.206411953360690070e+00
2.323849376779500986e+00
-7.731636898021558846e-01
1.111848164975594473e-02
1.273002429628903309e-01
2.074729070376732931e+00
5.323730938470619956e-01
-8.467508322768118045e-01
-6.028697062642674430e-03
-3.914149696313066196e-01
3.967874729589502825e-01
5.760984616091833210e-01
1.337974791171695266e+00
8.754778404635596978e-01
1.200299207557932284e-02
1.313082049924996442e+00
-9.325910357624030145e-02
8.182753162691853988e-02
-9.050432813879796257e-01
-4.351931996637343758e-01
-7.413298273505510849e-01
-9.696321687899596142e-01
-2.038580302423651514e+00
-1.374157643976763765e+00
-1.066602706455552552e+00
-6.461329690659705083e-01
-1.920082655086391199e+00
-6.778898992367774490e-01
-1.042629734174584266e+00
-3.881023747619905540e-01
-4.286886798747991389e-01
7.656791247139211887e-01
6.541329482422879593e-01
5.174909643358366340e-01
3.486673833622619401e-01
1.011247430746863962e+00
1.561642450762109169e+00
2.784733872596980575e-01
-5.193235182763447089e-01
4.439952100528299361e-01
-1.540905303522437153e+00
8.542366380993069441e-01
5.144870568588969517e-01
-1.467043054352650922e+00
1.025524300621712070e+00
6.659848624527862082e-01
1.264711429149510291e+00
-5.351529944261146365e-01
-2.154848114803415982e+00
6.327127327726738137e-01
1.059092576104161632e+00
8.310182666737636614e-01
-6.987731499387057621e-01
-1.499949328425441486e+00
8.060177275711933875e-01
-7.779945520474548237e-01
-1.699315197317771697e-01
-5.289898236432579726e-01
5.571241124303593084e-01
1.172619577347811859e+00
-1.059594388069269533e+00
1.221565192379384657e+00
6.447507799278447971e-01
1.365718167364443625e-01
-2.130836329392951367e-01
4.787107809970742589e-01
8.042205060814825585e-03
-9.023559171051424022e-01
-2.459632915052166746e-01
1.857936709830414201e-01
-8.022278067329534634e-01
3.209717217076571427e-01
-9.014066639322329544e-02
3.987713891108137648e-02
-1.424405622876784960e+00
1.156750450224522275e+00
9.301777184716493174e-01
-1.733895698985308265e+00
1.082274406330412109e-01
1.343371655711063761e+00
4.734793309007808704e-01
3.126119796714905696e-01
6.807524615496144405e-01
2.611496819471426645e-01
4.519488314063174750e-01
5.431847772150741882e-01
1.389463594182630823e-01
-7.610056861625832947e-02
4.628104790044426653e-01
-2.068376940922696805e-01
-1.098693177373773588e+00
1.615135187111918391e+00
-3.684865911258942278e-02
-7.906771477432125161e-01
-1.137024436309468367e+00
2.894188859863168206e-01
-6.200851107235929582e-01
1.781644231887608898e+00
-6.816406239923952781e-02
-7.097609701720616338e-01
-3.728456346266101895e-01
-2.309047941965042483e+00
9.031448434616629051e-01
1.124547096080130149e-01
-1.073772174446633310e+00
-1.395066118719747950e+00
6.105762960922922478e-01
-1.292550496162932494e-01
1.284427609699277717e+00
-1.317701367189174411e+00
-1.722480937330728823e+00
-7.012874827423943858e-01
-1.102473896583495039e+00
-3.312159873757554718e-01
3.829803656802885925e-01
1.016902900350104666e+00
2.012680694196256947e+00
1.860650947178165426e-01
8.229699824546186093e-01
-5.380748172970452048e-01
3.418205412462911319e-01
-7.725874133269911015e-01
-4.076967223593556122e-01
-5.755009269221635915e-01
8.367490407182299750e-01
-5.023075428192973479e-01
1.084900389743157723e+00
3.196745555321837129e-01
-2.275046725118970770e+00
-7.431537546550934792e-01
-1.220892713474463154e+00
2.887777376695800369e-01
1.712768648911238145e-01
-8.181463806332038846e-01
-5.894952752392095263e-01
-1.850952978719492936e+00
1.402015424961347900e+00
3.390299814598282113e-01
-7.043338546136079792e-01
-9.036326909532589324e-01
1.541629778456442335e+00
1.016305299212469482e+00
9.182722071437579014e-01
7.820125179017017869e-01
1.021533374243884351e+00
-6.271825791225773550e-01
-1.653753736885294590e+00
-1.314478381562522058e+00
1.476741772627741867e+00
-1.072591469747900872e+00
1.571740417516013677e+00
-2.104753059652000602e-01
1.241131645727114596e-01
-9.629957820269420266e-01
1.247677317178819134e+00
1.773015860841431479e-01
-3.507929185169153530e-01
-2.639479151858739603e-01
-3.414972268298642200e-01
-3.879253233027193937e-01
4.725775554887329255e-01
-4.120024725824242839e-01
4.024898978077959821e-01
-8.271257347464503473e-01
4.453677595361180686e-01
