8.216609238521920267e-01
-3.622630693220515452e-01
-1.087395390615010227e+00
-4.691883286283570209e-01
-1.080142864725202267e+00
-8.459230817146108361e-01
-6.893169926312316065e+00
-2.317843019013344108e+00
7.537184266585060799e-01
6.475854880276280312e+00
2.121284213669569485e-01
3.462616229183693051e+00
-2.747230200451385440e-01
4.949982485554950351e+00
-5.348231696710378236e-01
-3.009402830228639220e-02
-8.428189449959515578e-01
9.465018551103783206e-01
1.541980746749919584e+00
2.534644429818553313e+00
4.147208003626018935e-01
2.004451595190385849e+00
1.938698268290047766e+00
6.511454972571087296e+00
-8.031769255558652842e-01
-1.662469034204673068e+00
-6.082543950648097386e+00
2.501048025479670756e-01
2.746576074812639642e-02
5.212775401746942983e-01
4.423725405590531068e+00
-2.973147795737563381e+00
7.759594115744967713e-01
-1.598004772315872735e-01
9.250878314072007447e-01
-9.877224619955587981e-01
1.326007830784999175e+00
-2.038817441407738684e+00
1.154957608265268165e+00
-1.797541466864821968e+00
-3.030976527091914785e-01
-2.855692063477009768e+00
1.646895633069005660e+00
-6.795774859621487529e+00
2.033862653290885447e+00
-9.598999794911029504e-01
3.224070834206784614e-02
-1.040843342907366464e+00
-9.869541406216992829e-01
-2.984630212864886611e-01
1.079621890767986647e-01
8.671586856275737887e+00
1.877234436729789291e+00
-1.256099669415516429e+00
5.991075426525105385e-01
2.886741596885062044e+00
4.811785783105125169e+00
-5.566531123168434458e-01
8.073092374303910690e-01
-2.482612237373322372e+00
-3.111539020570368574e+00
1.544379298383156129e+00
6.596209470463937352e-01
1.212131489414951385e-01
-3.778480835872466415e-02
4.616694985679569818e+00
2.235716293496776252e+00
-1.820567412025606568e+00
5.385415659550573331e+00
1.365842693411278008e-01
2.580914055305128851e+00
2.606378297446682701e+00
-2.333456194702316910e+00
-2.743328131961570437e-01
-2.990571358494834353e+00
-3.717236003307115011e-01
-1.543117504058090228e+00
1.303622768119372388e+00
1.308975497275979949e+00
5.725982542053801971e+00
7.834895722008689001e-01
-1.126644757185502055e+00
8.062847253638438794e-01
-5.516322680663098520e-03
5.616538025763866404e-01
5.772500456052938489e+00
2.248752459091090117e-01
5.903276060496377431e-01
-3.326037863654054960e-01
-1.113317242024030040e+00
-1.396991851402650031e+00
1.312693823089067680e+00
2.092979933345325526e-03
5.724757455815193019e+00
-2.104031497061742861e+00
1.050917063361963555e+00
3.437175283696070949e+00
5.295978582128744172e-01
-7.015552103379930626e-01
9.674518083526301160e-01
4.678701240647846760e+00
3.195576222941048261e+00
-1.805809688835172011e+00
1.023474972475745259e+00
-5.247375379850939270e-01
1.438264870386692929e+00
1.522932372350741081e+00
-9.913634667145830859e-01
3.289301502185536741e+00
1.501118231982204954e+00
9.161611474555347856e-02
1.085143837848524084e+00
-1.774716209851520121e-01
-1.598896545770908562e+00
7.476634394471568523e-01
1.974114161417795277e+00
-5.831617105131847723e-01
2.575488455454395087e+00
9.742228274747161132e-01
3.949961393145428046e-01
1.143863347893300381e-01
2.579808671466577996e-01
-1.292777996004064178e-01
3.131043908047617674e-01
5.637508204189145555e-01
5.391327343311484999e-01
-5.398758524818928484e-01
5.937146659406464799e+00
-6.268668763339692029e-01
-1.558313217928505745e+00
2.368964477219089593e-01
4.705211157964943602e-01
3.168102359168042392e-01
-5.060259507562584469e-01
3.561655850642208021e-01
-2.252884299245740962e-01
-3.079453645059815337e-01
2.815204548115902039e+00
1.345484078449791010e+00
5.140859901421073186e-01
9.589635167074810340e-01
-3.744472566180252759e-02
-2.435712930744748581e-02
1.709935388296831782e+00
-3.150027402698273860e-01
-2.415750808000416860e+00
-2.479314390613330144e+00
-2.370550924971736251e+00
-1.285043061684642662e+00
-6.124819109897683411e-01
1.022234444487375660e+00
-3.818656598076419773e-01
1.591623729980736535e+00
-1.036878194441355872e+00
-3.667848521937293604e-01
1.354799998024302621e+00
-4.391396077589804214e+00
5.362497056923304535e-03
-3.655875494599586939e-01
3.422163819381786598e-01
8.100888137085109353e-01
-1.993576047611724522e-01
-1.645607893089508833e+00
5.385380807440197648e-01
8.212150792437581392e-01
-8.700106861205379738e-02
-2.008646284403938331e+00
1.310515695463785546e+00
-7.970011334596205366e-01
8.801047186850542436e-01
-1.082656883247182567e+00
2.219264523760168473e+00
-3.997476315285532489e-01
-2.917275983009600004e+00
4.601580062488765388e-01
-2.589154012875458655e-01
3.827662863869378818e+00
-8.553253573154469269e-02
-8.812075893046591446e-01
6.034037054807108724e-01
6.534596142342795844e+00
5.919764129694221388e+00
2.320285841188638010e+00
1.069803524261464966e+00
2.456995724108535839e+00
2.094466770410099987e-01
2.967451243799013483e+00
-7.737355445607843052e-01
-9.865025163572459233e-02
6.932395154250560187e-01
5.522554166172447765e+00
-3.391091387196851215e-01
-4.236368978491914516e-01
5.627324580105739216e-01
4.741563283693749353e-01
2.145382659366406597e-01
-1.223273512644822425e+00
1.681631497387265917e+00
1.423926367073953703e+00
-3.278120169248137650e+00
1.104175823968378323e+00
-5.402646948575801078e-01
1.803812225021659277e+00
-4.405070359689962523e+00
-3.336758925737027148e+00
-1.266929084134936767e+00
8.912229140144422024e-01
2.102808999598111683e-01
-9.054804356688124223e-01
9.264443472187437745e-02
1.870638161364819307e+00
4.659520443070401252e-01
-6.955109679479575258e-01
-1.106835549140489539e+00
-3.756844950650659043e-01
-4.289997383162210132e-01
-1.794886988174812847e+00
5.738635214508375881e+00
9.088511597559190136e+00
2.636487478413623631e+00
-1.219426731016718835e+00
-9.585112656733782543e+00
-1.130910981629897005e+00
7.006324719497186493e+00
-5.034582248006571614e-01
-6.189440398745852390e-01
8.260628250565839048e-01
-6.851860677769129326e-01
4.222798333523468450e+00
3.650323926816469999e-01
-1.240880203901260359e-01
-1.512299414327334057e+00
-1.086583758631197050e+00
3.808479266263048446e-02
-4.753200377282693068e-01
5.351406334437428747e+00
5.374735209347839771e+00
1.307284721156601215e+00
-6.463202669923276966e-01
-4.416540342033123401e-01
-4.739112452071916337e+00
2.432412660153981054e+00
1.542009280372486302e+00
-4.727066659960545980e-01
6.246127412686373059e-01
-1.445393735781485667e+00
2.748684237332239988e+00
-7.708273059838171015e-01
-1.629060054779072120e+00
1.931354854088940698e+00
-1.510512542037530714e+00
-2.449897250522968140e+00
2.143086150492560515e-01
6.983289441744458870e+00
-1.681003127699843169e+00
9.041923172085597482e-01
2.304732240295088164e-01
-3.375994132111007628e-01
-7.714863963565962157e-01
1.333184598527208831e+00
7.067957009633981658e-01
6.153285369843387587e-01
-5.429703066867436201e-01
-8.604749814665119123e-01
-2.334974942433409861e+00
-3.513281081309938547e-01
-8.672584673822588686e-01
-3.088453558818807926e-02
4.471049295851721617e+00
-1.190325428129553886e+00
-3.317838234502289430e-01
-2.102288534604378256e+00
1.906958740754399306e+00
-1.961006751838880513e+00
2.965984025983517736e+00
2.137594521343031684e-01
-5.654325864722715700e-01
-2.571394450361873307e+00
-9.842265438348885009e-01
7.897973280694831066e-01
1.201323756890755046e-01
5.969188660335890129e-01
-2.490492172548699201e-01
-6.231893715253738364e+00
-3.498988288374552669e-01
3.555393351555085624e-01
4.595966056050759363e+00
-6.239690789090953649e-01
-1.389092674878766198e+00
-1.426392243021337380e+00
-1.916655671863142896e+00
1.344432926863970701e-01
5.815614299542826160e-01
8.731547943750784802e-01
8.295880210415986777e-01
-1.888947290457010153e+00
-6.365184454575870676e-01
1.376707499858292882e+00
-2.390968442904891411e+00
-9.520816986693338979e-01
7.041023360840351630e-01
-5.078368848248037137e-01
1.096428500655629579e+00
-2.267035483407766061e-01
-1.967453928432905397e-01
1.609743994051847649e+00
-8.476478889870643352e-01
1.726523041553107207e+00
4.371003325671256046e-01
1.333990894688287909e+00
-4.210979173907507533e-01
-1.177919526838147712e+00
-1.664222189769077806e-02
7.027779615835155980e+00
4.689593286662427363e-01
1.120446005658176203e+00
-9.387932545586265276e-02
2.181271889113784723e-01
1.341798027383713343e+00
1.223364476527326605e+00
-5.930110938555992028e+00
2.226626517442871211e+00
5.385481944658973008e-01
-1.736156649749123426e+00
3.539955020913315042e+00
-1.104473035605077369e+00
-4.016117766812772327e-01
3.413025540731624563e-01
1.134579738091560541e+00
-6.018063678054575982e-01
-1.739437729778375019e-01
-3.107511217698432637e-01
6.075505841140391716e-01
-4.199373348272990025e-01
-6.101240005851780168e+00
3.471760956538112453e-01
3.293650300655192042e-01
2.203576055887212171e+00
-1.467179386828561416e+00
-7.842190709883352095e-01
5.863047582965550397e-01
-1.589324557378097857e+00
-7.107517169779140054e-02
-5.724872314467160939e-01
-2.627376653807186546e+00
9.013808170065195080e-01
3.275091740611478786e-01
-3.399310481774164838e-01
-1.986415427369892628e+00
-1.387308323499919505e+00
-7.582399406864512859e-01
1.931335690481490730e-01
-1.016133747281218885e-01
2.615466952653056620e-01
1.372309192153078117e+00
3.125127433397208776e+00
5.053744160997784007e+00
-2.557856037603918775e+00
-1.710808672654017199e-03
-7.048457338536268102e-01
1.097420600939104235e-01
-3.276036087098244121e-01
3.231885674429031408e-01
1.003958792109966858e+00
-5.361201539368407043e-02
1.135764754692470513e+00
8.906246611075861352e+00
3.272181291862382935e+00
-7.729357910285662436e-01
-4.977894865475935293e-01
-3.639659823342004663e-01
-6.296492070333328805e-02
3.082915533433359556e+00
-1.898505316108474394e+00
-1.286976608607375949e+00
-1.640167104127397080e+00
2.955324582484168405e-01
-7.525471977166680038e-01
-2.389201824796557960e-01
-2.867544005567009349e-02
1.104686314494068400e+00
1.523146563155278299e+00
-3.279634839866713225e+00
6.692075403687974822e-01
1.942826105430113526e-01
1.815604506272259222e+00
3.171054453436270570e+00
4.078457738600921312e-01
-9.485861612975081680e-01
1.980031229186231867e+00
-5.873424182140183358e-01
8.386823728365018216e-01
9.627507375196754300e-03
2.324354457002028695e+00
1.294947983105417151e-02
3.001652576304294009e-02
1.238992939452530750e+00
-2.005525242185925539e+00
6.117205668027829724e-01
1.894902562238915289e+00
1.677769540010876748e+00
1.101325598722934229e+00
9.132733984664769267e-01
-1.312254216897932757e+00
2.727772288385557076e+00
-5.337834432183725220e+00
2.629004199805704989e+00
-4.944047336180817931e-02
-2.053973666272241427e+00
6.865511288938880519e+00
-8.418583892448812112e-01
-1.600677126305360076e+00
-1.613905315575591137e+00
5.388879656784167915e-01
-8.511290630525505385e-01
2.161030876010814783e+00
-9.364671232828341019e-01
-1.219755395172625462e-01
1.066792505343971742e+00
1.786511437809338854e-01
-3.144171860771535876e+00
-1.275840159878395552e-01
5.679239925621566876e+00
7.265000792038028843e-01
3.672554946846980362e-01
7.346282612735516970e+00
1.121293494313994193e-01
-4.798584418067858515e+00
3.343401329226241891e+00
2.038423606190665538e+00
-4.232789352700768171e-01
1.544686176066236150e-01
1.951316403820585688e+00
6.896136312755291042e-01
2.677963690255576346e+00
-1.322668988552738178e-01
-1.041945020978514824e+00
-2.358158153548389979e+00
1.193227729586828767e+00
-3.679450577487178631e+00
-6.959952237481219051e+00
-1.335541148936937983e+00
1.847035048729492313e-01
4.568340474244855010e+00
-1.921134438690217661e-01
-5.714559890794985719e-01
-1.667600285224413392e+00
-2.222967621351475298e+00
-1.750489517761208424e-01
-1.774355294646410286e+00
-4.058953148965139590e+00
1.609149301040917190e-01
-9.249082110706305926e-01
3.092346211639769235e-02
-1.993163137796525541e+00
5.767526959953583887e-01
7.021879730517716744e+00
2.562300773419564415e+00
-7.834742670237690443e-02
-5.818611712593224627e-01
-2.707091009776338542e+00
-2.890370688284047973e-01
-4.949673072237695814e-01
-5.022709750349059199e-01
-1.149317049352479581e+00
2.941292401007728596e+00
-5.908490129892284282e-01
-1.109159512359242816e+00
1.383874185722114181e+00
1.464762655562991567e+00
-7.396500457900749559e-02
-8.042403367444542206e-02
8.060201934950642633e-01
-9.541740076522121639e-01
1.934862088292937099e-01
-3.131580918581866602e-01
6.027049160745193701e-01
-2.255144326243225528e-01
-6.525232155071708284e+00
-1.679056893177226784e-01
4.312815663738082117e-01
-3.677974456824682825e+00
2.152904607254311486e-01
2.576681704690437780e+00
6.907447903880050255e+00
1.099222793666622344e+01
-3.859789798198636657e+00
-1.275791498920057165e+00
2.056337233813633827e-02
8.666907991730498084e-01
-8.673189424221594557e-01
-1.695989124015747418e+00
5.473897446225837182e-01
-2.857360083068062551e+00
-5.256095826626265843e-01
-9.759726026979484992e-01
-1.162513797212855637e+00
6.737601140971962721e-01
-1.161115512838394981e+00
-6.446995722847976396e+00
-2.346118495940442417e-01
1.155579908619427831e+00
-2.955571930263785063e-01
6.561849004055340107e-01
-2.531197755721842579e+00
6.357123630482777621e+00
1.925739648967292050e-01
-9.596468105597382170e-01
-1.498656088851424872e+00
-8.416436935587507051e+00
-3.460699754338525835e+00
-2.842123863736547573e-01
2.414863871943844220e+00
7.075989495573673516e-01
4.682208835632418742e-01
-2.357339424182405552e-01
-8.178291924980724659e+00
2.847326449866690590e-01
-3.182089923599716319e-01
-9.172725459166544582e+00
4.931064837496593078e+00
-1.937863917898140054e+00
4.622375708250254234e-01
7.369068333912802693e-01
2.066497172609876642e+00
8.117649337561887446e-01
-2.871736018577210614e-01
6.617587869524848010e-01
-9.210465370526330631e-01
5.456238399719010701e+00
-3.509159548058867761e-01
1.031256575943377385e+00
2.932777192385978893e+00
3.655558855738705315e+00
1.595714703521053379e-01
-9.381704525913255210e+00
-6.553688095504917044e-02
5.320110976116224855e+00
7.635501803110256787e-05
1.349562312583525880e+00
-3.415770966211358672e+00
3.346777853389542479e+00
2.179991854018485942e+00
-1.199399493293694441e+00
5.957970575652627998e-01
-2.763088618087974346e-01
-1.250238305212056700e+00
1.617381204211857160e+00
-1.050678434198822231e+00
2.660985116075881063e+00
7.376957890648912830e+00
1.885634921413457787e+00
2.090885770838177837e+00
2.439702534475830520e-01
-2.907444064730364985e+00
2.449183412686168348e-01
-4.879120317018146857e-01
-9.796106168467927366e-01
1.915819199508289827e+00
-2.284569132180116036e+00
2.900765573695273325e+00
-4.427202618069467910e+00
3.966473006498553167e-01
-3.745045777504152795e+00
4.641439797462192374e-01
5.064010858008904936e-01
-3.564500733205736793e+00
4.393914846164053145e+00
6.229710701760472480e-01
-1.273546341016137395e+00
-1.372811618102293563e-03
-3.259273704288600526e-01
-4.338445891360119822e-01
5.935979071730667495e-02
1.275787750184256053e+00
1.190778941345817410e+00
7.027324340971995431e-01
4.997313763762010752e-01
-7.444690334336599991e-01
-1.390207562690148058e-01
-5.974026005235523185e-01
-2.122077916799906205e+00
-1.231500370943335421e+00
1.955729257362385509e-01
-3.478496469439527505e+00
6.694393523144880120e+00
-1.817233417144588747e+00
-2.659166520519907206e-01
1.481679586011128480e+00
2.297509648356048650e+00
-1.482491906753654387e+00
6.021367055252809797e-01
9.701182773286556316e-01
1.301778137864181062e+00
-5.854458665888694763e-02
1.497403423279594969e+00
-1.031293433169895302e+00
3.313668691867656335e+00
3.918313887684658492e-01
2.892941243863445533e-01
-3.294198915229789026e+00
5.048828789559149932e-01
-7.508235329452065399e-01
5.859989176334719829e+00
-7.002863730200998837e-01
1.667652193069968147e+00
1.980764646220259384e-01
1.729807138050389881e+00
-2.124605823297100571e+00
2.133419367794548549e+00
-6.800873321476892386e-01
-6.399638255836147538e-01
3.821520450176717265e+00
-5.353749363334198152e-01
-8.590670483869787891e-03
-5.818642021977331602e-01
-2.119455511713848939e+00
3.120880726972735442e+00
-4.222571150234883386e-01
2.483214449138693602e+00
4.395660736623323572e-01
3.012734241514663402e+00
-9.315667049392167831e-01
1.428933493863770998e+00
1.895585121497320502e+00
1.510406097804344316e+00
-5.977697139723804620e-02
5.185088554853217735e-01
-2.819939067290921364e-01
-1.481945278641653707e-01
-1.331024910258184812e+00
-1.720853996815088438e+00
7.951735384313278310e+00
6.556629806715231545e+00
1.438400052998624723e+00
-6.865843360275438734e-01
8.851325581618075811e-01
-1.865306200068999720e+00
-1.331885163588787169e+00
8.400610747831253056e-01
-6.811036635347635482e+00
2.871193165757627508e+00
5.174344760177985059e+00
8.794470304851124132e-01
-1.638914979862519550e+00
3.863543548547650364e+00
1.842709618344990918e+00
-1.131936088512601524e+00
7.673593112124287963e+00
2.212785065251184902e-01
-5.848133499586629647e+00
-5.256078341479405447e-01
-2.257458992531386210e-01
-5.457535092690986023e-01
-2.331447716946059234e+00
-8.825525162867595697e-01
6.042930316660626300e-01
-4.281452612740593189e+00
5.620445762353401875e+00
2.271635177933389038e-01
1.188205596504943617e+00
4.558933537925929258e+00
-3.998071051751648786e-01
-1.154496503114468942e+00
-2.287329098268418570e-01
-8.534409800736163232e-02
-4.973608784070322475e-01
5.430436766066051302e-01
2.602037034099594637e-01
-1.244764501482535479e+00
5.728125040833900172e+00
-3.443600306033979541e-02
-2.683839076686043157e-01
-3.332992230870182593e-01
-6.477543013263571681e-02
-5.666771516359426997e+00
3.494460474720719301e+00
1.964477021656594768e+00
-2.385579434808391408e+00
-3.336886083995968533e-01
-7.229499062251406594e-01
5.308520111775266725e-01
1.295335282400053023e-01
7.990693955252495817e-01
-4.369354564348979508e+00
5.812817845049778054e-01
2.731310216522760737e+00
7.025073974327487036e-01
-4.539821361081464723e-01
-7.318375653168029960e-01
1.630358824092044689e-01
-2.454171282086925920e+00
-1.298088282946686212e+00
3.882571229550696668e+00
4.070168967442842956e+00
-2.129127182110579053e+00
-1.153613359165041041e+00
9.753272680954149232e-01
4.935810217909146758e+00
3.186172930973278916e-01
7.678524917526758919e-01
9.615026532406606430e-01
-5.683584971253224927e-01
-8.253484772017923632e+00
6.108129076625536058e+00
7.629319636356317325e-02
-2.099770912487038288e+00
-5.799027741381728163e-01
5.413238758311280652e-01
7.220672542253057102e+00
-9.747485154661978957e-01
1.426917279272543748e+00
-5.234134382948360198e+00
-4.584133642411063470e-01
-7.593261212261642745e-01
9.032736739699803730e-02
-1.340166353738914962e-01
-6.197236966298740324e-01
4.309600047320707450e-01
1.098907750584938448e-01
-5.535089138485044025e+00
-1.509067981673566594e+00
5.267749573447835232e+00
-5.292348792421390780e-01
2.996242481230058652e-01
1.576695679472885359e-01
-2.734104455370953257e+00
2.627469579174094849e-01
8.778428859371340209e+00
1.664635408139540917e+00
4.721907164578420080e+00
-1.297887929676483365e+00
-3.435522931477676067e+00
1.248765140818571817e+00
-4.161712775108838080e+00
4.221562582470281377e+00
-1.339643144236831063e+00
6.214110195362374522e-01
8.621457287484701748e-02
-1.111182150634320021e-01
-1.679528967339550150e+00
4.377571336787911549e-01
9.709223532006673596e-02
-1.652857484313427383e+00
-1.536149832857470532e+00
2.427476051904875476e+00
-1.600332230821953083e-01
-1.414054993787809300e+00
1.134270974257822084e+00
3.727385975993821945e-03
-2.014650105892733800e-01
1.863428952853617149e-01
-1.170207143220857393e+00
-8.461969690387073362e-01
-5.785906048698583604e-01
-2.535078748461975451e+00
1.070885051157559387e+00
1.390478582350267223e+00
1.273585272119351908e-01
4.718406930944443745e-01
1.372624342744155790e+00
-3.610961681810779811e-01
-4.592570941838820531e-01
-2.704390757813046609e+00
3.759664530250213521e-01
-2.470606127545020403e+00
5.892399328060935915e+00
-1.376932463612678958e+00
4.169152976214930972e-01
2.685525539947003715e+00
-1.985571343715310633e+00
-1.074247740033380749e+00
7.017122079649869004e-01
-4.234013471049625221e-01
5.345452756459392329e-01
1.070706429002319382e-01
-3.897025880927272201e+00
-2.084460495640982347e-01
1.548746962609106825e+00
-5.005867157935977030e-01
2.093951821480216857e+00
4.640914208851724954e-02
-1.771720781122545718e+00
3.414199865870013451e-01
-3.805509614215901060e+00
3.776216788871067376e+00
-8.515669959376236386e-01
6.843239561722360698e-01
-4.386659069330346994e-01
-7.595583436215919138e-01
-5.541343798733282533e-01
6.404773189712343884e-01
-1.208045968205068821e+00
-1.980920913639994785e+00
4.538196848828206065e+00
6.238263536033982426e+00
1.120977302673358267e+00
-2.126557836639819399e-01
-9.522099112865364812e-02
-1.010782123720757264e+00
7.860504414186505473e-01
4.679405454307628554e-01
-1.528570924649071405e-01
9.919113903120704290e-01
-7.177824552360545507e-01
1.352207074445833879e+00
6.631156373998882414e-02
1.882253013546038023e+00
1.704802168426823306e-01
1.182221903164379917e+00
-6.054835034118224435e-01
-1.277013393999927748e+00
3.911593373728603051e+00
2.078322469017480856e+00
-2.242956759028786440e+00
-2.245947880743518699e+00
8.370040676543994973e-01
6.522764463574851845e+00
1.625379426694631535e+00
9.538156834376806392e-01
1.095871387395127794e+00
7.270629033191596813e-01
-3.289084283232492911e+00
-4.286993238286869734e-01
8.336547190823884179e-01
-4.479571714079235156e-01
9.904992209622381916e-01
5.923550805560866550e+00
1.684263563725260981e+00
-4.208342920499575257e+00
-5.434283866725221346e-01
-1.056841897852824008e+00
-5.517901087374938590e-02
3.852224169496847872e-01
-3.861580115004441607e-03
-6.838104375127085355e-01
-7.339508973703956496e-01
-7.684320404763991252e-01
-8.599472453820872220e-01
-1.804059444308155902e+00
-8.977301666876467967e-02
-9.631504982724733432e-01
-3.927269858272387504e-01
-8.333857213893060001e-01
9.076649931280360573e-01
-6.299684771848403919e-01
-8.612213797867555032e-01
3.609172305348540832e-01
5.956553312143748891e-02
8.524498308752651576e-01
1.122013121114863843e+00
2.967179450411620678e+00
1.701008854827845251e+00
4.269668562289234970e-01
-1.468502464372550831e+00
2.582652300557529923e+00
-9.015582628359830597e-01
2.245355821665345086e+00
3.006940748078653414e+00
4.449606366617500974e+00
-3.175481630108221709e-01
-1.225309135407069538e+00
1.030006165673748253e+00
-2.642413037189819125e+00
1.061051345545864777e+00
1.996664285282309770e+00
3.798390339945943328e+00
2.529446475274864728e-02
1.459494935587814235e-02
-1.605898448169552559e-02
-8.241718960329404986e-01
9.234186081021951154e-01
1.032987137723138105e+00
-4.505256030720807381e+00
4.338686796141780766e-01
-9.858627041083536380e-01
-1.220500771782834892e+00
-3.087293590397845566e+00
2.274561010958346119e-01
3.558067410174198253e-02
-9.627302857538341030e+00
6.971814742386044095e-02
3.713865616033629746e-01
-6.077214483451353066e-01
-1.036465287465547780e+00
-2.304543688594379081e+00
-6.319330870778080422e-01
2.857289276217729879e-01
2.142471620918983133e-01
-2.377823714163654678e+00
-4.835196441837516512e-01
1.247457703228426196e+00
-1.028643607738449983e+00
7.368800346105398580e-01
3.078312558238843089e+00
-7.195991603989594587e+00
4.611167984522653862e-01
-3.711068235215650546e+00
8.562388249926170536e-01
-5.494639062102564253e-01
1.028221643765359516e+00
5.510221070893480011e+00
2.738935528523139817e-02
7.534396983217492405e+00
8.558637618494969956e+00
-2.542859428920169584e+00
1.560635662517470656e+00
-1.708522791925571660e+00
1.327847927092387081e-01
-2.030896420537789404e-01
-1.169154665692131001e+00
1.616749181896804721e+00
5.063550283023363630e-01
1.667177009709121638e+00
-3.775600043072040446e-01
7.427956810590528036e-01
5.852672220339846909e+00
1.041048077129312022e+00
1.767684388384580085e+00
-8.182851701481747009e-01
-5.302246768304870184e-01
1.181381394506053617e+00
3.127738586276464172e+00
-1.182590232317045187e+00
-2.210339968448973291e+00
-2.460714128346077612e+00
-4.382056275535013007e-02
2.598340839095379717e+00
-3.464114163804445479e+00
5.772421085003642816e+00
-1.680134878114067476e+00
7.397264925748450737e-02
1.136733161812661486e+00
1.761033619535910200e+00
9.617350353957161424e-01
6.271687712413627658e+00
2.704395235716058554e+00
8.661482585382451305e+00
-2.033178726141409598e+00
1.509526324516851092e+00
2.602150911004244449e+00
-1.255068312285373966e-01
-9.524895629199645608e-01
-2.919712379715632800e+00
-1.482854577256832229e+00
3.476161960907738546e+00
5.149456194189295788e-01
9.809520849593797998e-01
8.956123741328677612e-01
2.388425390694789430e-01
8.792733024992452906e-01
6.276087105385896869e-01
4.226213666016447879e-01
6.208032266155307788e-01
5.221631634849736026e-01
2.166782150320691325e-01
2.575251830943854348e+00
8.266063304160696790e-01
-1.484698073549562736e+00
-2.961583359541239080e+00
-2.443672380290615731e+00
-4.949391831941144737e+00
4.664099386157475990e+00
1.129023209611775380e+00
-1.542616971629228617e+00
1.369046874965414773e+00
1.209761133316749504e+00
-2.850868290068200306e+00
6.083617822803776276e-01
-1.606921422812778610e+00
-2.244250739108001991e+00
3.916264709458312065e+00
-2.323292144494353284e+00
-8.128407451157670494e+00
-1.989910059368567685e+00
9.697681210431277066e-01
2.708215144792352369e+00
-7.287223964677297161e+00
1.437302483145483034e+00
-2.838160663279380103e+00
-5.238446262080374893e+00
1.148652979923448836e+00
-2.871885546775721831e+00
1.118462412736148659e+00
1.558521210122246536e+00
-1.184792998981799794e+00
3.952055577215431548e+00
1.036091644021806202e+00
-8.717328628678358560e-02
-6.405667152493916827e-01
6.467716007890105256e-01
-4.303691600328940048e+00
-4.390911170898971205e-01
3.839726233299432523e-01
6.274555786872872132e-02
1.189306823925109891e+00
-2.077604835807829176e+00
8.757794476478696355e-01
-1.544685706130172420e+00
2.041537163100108465e+00
