4.437886263967554812e-01
7.110864889316378945e-02
-1.242646604237870323e+00
9.275469460919578968e-02
-1.301732851798003410e-01
-1.269897963259704943e+00
9.429690381470601235e-02
-8.547349412045054384e-01
5.451420175371469723e-01
-1.106606391485259883e-01
9.626200312000718351e-02
-1.036993748698458395e+00
-1.378012049648835502e+00
2.190521340897403149e-02
1.448820969913468648e+00
-1.711440919214710199e+00
-2.478496671668100060e+00
-4.799386918673099744e-01
4.943770027269124290e-01
2.215799865248096190e-01
1.238733775911496027e+00
3.471693731791265086e-02
-2.226272324840583572e+00
-6.136842052547835102e-01
3.649154108253813145e-01
2.415746541513201229e-01
-9.346105314942454445e-01
-9.341615104346774334e-01
-2.960701247193947006e-01
-5.541754627604911221e-01
-1.424839890219019474e-02
-1.296690117210513193e+00
-1.681266416363028204e+00
-2.039357856181382544e+00
8.784325297181739822e-01
-9.205139307548937389e-01
1.914306285832956950e-02
-1.060932546687387124e+00
2.930818124618557730e-01
2.354821404564329423e+00
-1.489762026463037625e-01
1.034039615897397901e+00
-1.358601673354943751e+00
-1.758251828476385059e+00
3.732957757070454186e-02
-7.231098507936261077e-01
4.903358485281118506e-01
-9.014490957640178825e-01
-1.319082341391228042e+00
-8.141798085793836570e-01
-6.697355682505252983e-02
-6.510365469876232547e-01
2.189290956943569788e-01
-4.035599454075469716e-02
-2.126699229814107694e-01
4.784208621431000896e-01
6.990098096844056252e-01
7.461382910728544537e-01
1.760444315472588506e-01
-8.376030541614293279e-01
-1.071106946760796319e+00
1.832284379013091047e-01
1.275319941678063396e+00
4.501952156618095890e-01
-9.681405667700923035e-01
-1.124146773768540664e+00
-4.063685954913945353e-02
-1.499909864166417472e+00
-1.128713467104557999e+00
-9.882401619118091896e-01
1.240667254052981505e+00
3.992146819209758668e-01
1.045878247423972285e+00
-7.105002992163671482e-01
-7.874232911693023196e-01
1.280693257014584585e+00
-5.182181503578233706e-01
-2.944068583582217236e-01
-8.159718078422582843e-02
-7.892460320984105993e-01
-3.419434138137512624e-01
-4.247380135108522747e-01
-4.596280162502532352e-01
-1.069253535582971759e+00
9.074442744399172645e-01
-1.182437624902606732e+00
-2.008838729013437518e+00
9.504894072759043633e-01
1.173903065511526789e+00
-1.391241576258789525e+00
2.139677609910340186e-02
-7.424397067885832868e-01
-7.637441508191276096e-01
-1.079544550932517721e-01
5.407673204861347394e-01
9.019921311422911536e-01
1.671215451792787521e+00
5.023775127598113788e-02
6.937487197947636575e-02
-6.677127701876344190e-01
-1.652212126249260393e+00
3.507711937460192830e-01
4.751064533740602114e-01
6.778406997126241729e-01
-9.986093532427531283e-01
-2.918608034202780921e-01
-1.112529113738371045e+00
-3.749481288126417788e-01
-1.072127801155944304e+00
3.835274305020185820e-02
1.391034128407371284e+00
-1.056779859978009606e+00
8.078760443975412375e-01
-1.836740397395334679e+00
-1.869527053149417695e+00
-1.370991948797894766e+00
5.013272264167385472e-01
1.259031342581395707e+00
3.109223904917209902e-01
7.972980631852630840e-01
-6.244038653089720725e-01
-3.743316674314651205e-01
-5.995353341488484505e-02
-6.598662780978042930e-01
-2.680577631217205603e+00
8.015037950603870476e-01
-3.503172794849912508e-01
-1.852436686948386591e+00
1.165856319222855930e+00
3.066885821032530046e-01
8.638816256032496588e-01
-6.583922567658124780e-01
-4.097796048043095274e-01
1.395547464503107682e-01
-7.043833405208491660e-01
8.049973339091879287e-01
-6.723684404726079089e-01
2.019713855411219505e+00
5.076501413737315449e-01
-5.294563034596930229e-02
-1.195521756398028490e+00
6.459891302947374792e-01
1.079413424750472750e+00
-1.415899349746855052e+00
1.359940729410274773e+00
-1.185414708473939038e+00
1.316161784634743537e+00
-3.788695025271621164e-01
3.148371163666220385e-01
1.272934078099739130e+00
-1.987705721437555306e+00
1.963448159794687786e+00
7.289501952456747258e-01
-1.052257771373310113e+00
-2.729800382837528905e-01
-1.065350011737900005e+00
1.063961950776486809e+00
-3.407177608092937793e-01
4.947361873430330959e-02
-9.450229239967405936e-01
2.864785506907514989e+00
9.548109145221763683e-01
-9.881354436746839776e-01
2.956615977619271862e-01
1.973082015188249994e-01
1.418625673915013818e-01
1.725532502576482830e-01
2.066901588801659806e-01
1.144171665280041106e+00
8.078610334221594247e-01
-1.860810779163042827e+00
-1.200185822035124028e+00
-4.730167547310150100e-01
4.255994500210356080e-01
-1.505960009313450122e-02
-1.264205492477895154e+00
3.544350285076323104e-01
4.967551667381271407e-01
1.151065224047071123e+00
1.647054271278095117e+00
-1.639290000599455677e-01
-8.871871699576986403e-01
-7.619801348026008503e-01
3.338798154030668264e-01
1.603218179283756539e+00
-1.500065661211498202e+00
-2.207618148211212827e-01
1.126344855906078912e+00
8.744266422372428682e-01
-5.272737241239847661e-01
-5.139500244873983492e-01
-3.588032072461822680e-02
-1.022662198610674977e+00
1.646528847024978370e-01
-2.712223629915245238e-01
-7.596488554680365102e-01
-1.144345414308634901e+00
3.526113094332655740e-02
1.132004214677334586e+00
-1.942653137706961575e+00
-5.627298615865824472e-01
-1.187973554094493567e+00
-8.129621241761013639e-01
-4.054124118207440008e-01
7.327419821095307872e-01
-4.248986280848743302e-02
-8.382743087898121281e-01
2.268096244816570017e+00
-1.562062008659574230e+00
1.292090730910310015e+00
1.410959540859391126e-01
-6.301109997588886236e-01
-1.220614015120598861e+00
3.837221987403608980e-01
7.089976587678868958e-01
-9.206773550000389994e-01
-5.949728060085612835e-01
-9.023210240476494670e-01
2.392700280313407035e-01
-1.513136660177226700e+00
-1.621115768199581142e+00
-9.725009023712325451e-01
-3.265809493204034353e-01
1.643950347931479317e-01
2.266357185226248183e-01
-1.410842764889518319e+00
1.177825196748748082e+00
-1.876534577986179286e+00
-8.665245384632310754e-01
9.656568519290378849e-02
1.753489020518631536e-01
1.256516415429702882e-01
-1.617528377909433157e+00
2.286584667212994970e-01
4.953241593316156099e-01
-7.407613971282193122e-01
1.502643718984898236e+00
2.636503242127403307e-02
-2.830413759478864755e-01
-1.446633283664261471e+00
-1.068127185000282031e+00
6.280634448006605641e-01
5.868256445025333834e-01
-9.060236058660144920e-01
-1.388345203987928045e+00
5.243274116489240466e-01
-9.919973924357117223e-01
-7.291618480867552154e-01
-8.824919164810113292e-01
-9.266153968293294740e-01
-8.445781401272556277e-01
-1.343594584081700072e+00
1.187014563688714164e+00
-1.411341377439923495e+00
-4.876313708250740730e-01
-9.043337603239370859e-01
-5.092730652629314791e-01
3.174829726603875524e-01
-7.893905961837338614e-01
1.269339389676956420e-01
5.630633786941624530e-01
-4.433963849892197939e-01
-8.289009138529200849e-01
-1.099193402974148359e+00
1.077917411502287592e+00
4.799040736780885719e-01
1.068206028278201991e+00
5.045177907995355149e-01
6.569866592544247874e-01
1.295847226879861980e+00
5.962205129504559720e-01
1.203706107089157706e+00
-2.613317394851210063e-01
-2.328036480061672353e-01
7.527840195646233745e-01
-2.968067373249109742e-01
-2.891667967838367215e-01
-1.269067541577248326e+00
-6.006217916483318486e-01
3.492679191890460388e-01
-5.075998153320913087e-01
6.075484486247550997e-01
-1.302780346200676842e+00
-6.164587891216818244e-02
-7.245616653044826272e-01
-1.041992264730020601e+00
1.216470105380965450e+00
-3.718278448119829212e-03
-2.527602632816264849e-01
-2.374468601291549463e-01
1.391148440586695845e+00
-1.989188064395484568e-01
1.351502927288358080e+00
-6.723166491800872668e-01
9.513283282090889692e-02
1.633491578348718720e+00
9.809863784688587218e-01
9.208510706408213897e-01
1.608928470601852789e-01
7.262895000031848181e-01
3.948090381997676479e-01
-1.682654709107934618e-02
2.239110138228533053e-01
-3.779032951004362983e-01
8.783917929306545025e-01
9.122750747091504797e-01
-1.050279047778241992e+00
-8.518062130037127311e-01
1.534030031570414288e+00
-1.101304209568058745e+00
-8.197635388837541948e-01
4.530978464340115197e-01
-1.556829266110770105e+00
-3.513475721472754110e-01
-5.948809878817737928e-01
-1.997407745565048156e-03
-1.594119604884630392e-01
-3.501474191971521988e-01
-1.739616117103512660e-01
5.258882736018855031e-01
-1.000783495893155184e+00
-3.734985217679536729e-01
-1.602807360739454845e+00
5.002158259549472907e-01
1.405343929861845309e-01
2.666917747492691948e-01
-6.515227821918327944e-01
-8.067369124431631455e-01
1.007959973177241286e+00
4.446715428583296326e-02
8.257983292335852044e-01
1.026512126401637609e-01
1.519307039400702886e+00
-3.390962227665033635e-01
-7.496161315994241681e-02
6.396081167831604297e-01
-1.152508781443197128e+00
-9.549143734007301543e-01
1.368929264704735527e+00
-3.973330013471642608e-01
-4.566513142740866171e-01
-4.605667655814280059e-01
1.550762263737464286e+00
-7.981798748285141576e-01
4.533940409708253627e-01
-2.698298656479797275e-01
7.089611268386851461e-02
4.641571375950676592e-01
-1.905466228691965247e+00
-1.189050689153658302e+00
8.949810967659973526e-01
-4.500914257746874148e-01
-1.009945121962181558e+00
7.746462893716244968e-01
1.102415718308188852e+00
1.069575614661403273e+00
-2.198941063385664585e-01
-4.716987288226184294e-01
-1.599002704871520242e-02
-2.425543661872064494e+00
2.082687014587114138e+00
3.418719323088715289e-01
2.999450473016009866e-01
1.658735253999740200e-01
1.025312748448857780e+00
-1.047621392352675596e+00
1.643479418059363040e+00
-2.443342404455989936e+00
1.643145745298635330e+00
-3.810463088678197052e-01
8.031012006157532968e-01
5.752660798999408298e-01
-1.958730009798762828e-01
-2.979492093413322329e-01
-7.706064313299229585e-02
-2.009827442689001431e-01
3.448959268803522549e-01
7.779013081060042190e-01
1.635241734655128232e+00
-1.013389726430532933e+00
-2.590636161742869148e-01
5.251894751333390232e-01
1.411442257988490656e+00
3.071400766039218966e-01
5.046782212395056755e-02
3.419888267646659097e-01
-1.471821506310154071e+00
6.082702711368845883e-01
2.553426444326432065e-01
-3.054516800263060716e-01
-2.161388470743814127e-01
7.479091479145406618e-01
-1.513387968567800890e-01
1.885545276860495223e-02
-1.318858723992087034e+00
4.428000464382736978e-01
-9.401996056548516112e-01
3.380463814663154931e-01
1.568164048363538399e+00
-1.251890642510500085e+00
1.886165808044089343e-02
-8.707797823450031949e-01
2.863144818562295413e-01
1.044397950250972595e+00
4.240134128999504259e-01
3.658895214495282433e-01
-2.289063791403185555e-01
1.685014300744532567e-01
1.566258640474313735e+00
-1.333091197756243809e-02
4.652942800059468587e-01
1.142287740281336283e+00
4.025463337979293121e-01
-7.048313942419088818e-01
5.686913187184238216e-01
-4.792855233925548408e-02
-7.633456283280493082e-01
1.412154036530755552e-01
-1.953010741362946334e-01
-1.481601803005635487e+00
4.482590576629948975e-01
4.551838020819448660e-01
-1.821908050744684759e+00
-2.575746349862538878e-02
1.541074140844594709e+00
1.711188667624586213e+00
1.689989128836694443e-01
1.342518259282498572e-01
2.793120077534789747e-01
-1.178768588219170521e+00
-1.017167876447554686e+00
7.619491052537495646e-02
1.098294680522863831e-01
-6.284351200818255601e-02
1.324759625152401199e+00
-9.996384891536109762e-01
1.863607933457762877e+00
-8.072826815709320813e-01
-9.514050992341857027e-01
-1.185479074217231366e-01
2.056658509106231492e+00
1.102279787520604043e-01
-2.140612071606533995e+00
-2.067868800609859115e+00
-7.792877005083644892e-01
-4.766770600238309230e-01
-4.526180088682370262e-02
1.157314329149452536e+00
6.808631065312193975e-01
-6.782411148202677209e-01
3.184785864409359069e-01
3.098108871251514240e-01
-1.555344380794251080e+00
1.121374847763414007e+00
-7.551542262565180685e-01
-2.222344079037300801e+00
-4.799725543960178253e-01
-6.075144191430230656e-01
-4.353759287210853812e-01
5.900094548308605358e-01
-2.045487260545188202e-01
-5.954247926735378726e-01
2.815346288091999036e-02
1.689330063303621898e+00
-1.221839023655806766e+00
-9.053012388701301427e-01
1.251963245395166791e+00
4.094070720013320841e-01
4.672855493359233670e-01
1.457055067866838582e+00
1.119675644339182430e+00
2.961239585076733682e-01
1.153787293140745129e+00
-4.498396465723660809e-01
9.055902612097216364e-01
6.533596871221543090e-01
-1.480405389485135226e+00
1.128588848052233695e+00
-1.552136741941914311e+00
-5.193306524642965494e-01
1.818163392589896565e+00
7.402511116105354727e-01
-3.233220447828061839e-01
-7.982837116244073661e-01
-4.495064989331489236e-01
-6.949807176831391820e-01
4.445167891338748789e-01
5.168651527966557913e-01
1.306901189581515688e+00
3.552965643604059642e-01
-4.593713630356463518e-01
-1.047094880101412384e+00
-5.031574805675266271e-01
1.205690518745610840e+00
8.232251995986127335e-01
7.600093200809171501e-01
-1.252169692750389751e-01
-4.988882132263200431e-01
1.231669863628817030e+00
-7.314494431907813121e-01
-6.349780001665930040e-01
2.818222128720194730e-01
2.903308780920043630e-01
6.538877834816168855e-02
1.402209810294849701e+00
-2.248313888677716879e-02
8.374846413766176001e-01
-2.575451810664229346e-01
1.184909877919570143e+00
-1.452644004802130073e+00
9.822613596954065107e-01
-2.284697267950407951e-01
-6.366529379162332303e-01
-4.649292057680544099e-01
7.561532626912762511e-01
-1.763957146450350733e+00
-2.098079614017454464e+00
1.051203336581368442e+00
3.468281340262674983e-01
-1.064214257633760541e+00
2.487621807026854925e-01
-1.186269215268629697e-02
-1.453947257805818127e+00
-2.914713422639689244e-01
-1.821772753713229553e+00
-1.145608791820144745e+00
9.084077356272212134e-01
5.976285599680247751e-01
1.281632110546749859e+00
-2.964743255502361730e-01
-8.867114652138313735e-01
-3.738587534223090647e-01
1.826645074003975244e-01
-1.461624295516770200e+00
-2.137310824679192756e-01
1.489556046126220723e+00
-1.350703234181403201e-01
1.406926074984765185e+00
-5.029983692450823440e-01
-2.535428080073437451e-01
7.356455716194083561e-01
6.941509010800243074e-01
-1.919528830883841852e+00
-1.456012556137056824e-01
-2.136315193347425367e+00
-4.442776555077232459e-01
3.682956226686807111e-01
-7.267396247766032547e-01
-2.303686215808225413e+00
-5.962000787969076177e-01
-3.560224623617547213e-01
1.250484459696528772e+00
3.617606970438751457e-01
1.772801887791587427e+00
4.931668636095196678e-01
-3.640047445731166564e-01
-4.389473088344348350e-01
-6.095178195820564193e-01
-7.211053446994386551e-01
6.025198312286826896e-01
1.188825816648798189e-01
-4.375313956697507445e-01
5.590032630166413830e-01
-5.095336520436226646e-01
5.324321158074877269e-01
7.317948825651007794e-02
8.485904946312160524e-01
1.669018726886658532e+00
-4.792569658916789321e-01
-2.414385815014349124e+00
-6.768122828431245575e-01
-2.001963437989439099e-01
1.125736824100766059e-01
9.776128450095571409e-01
-1.421469724626367004e+00
7.117113127207702616e-01
-3.120242057071898500e+00
-1.515031769352516156e+00
9.139740184053667393e-01
2.739612697046810430e-01
5.139736190114967407e-01
9.743340665918941434e-01
1.548495122422248738e-01
9.624734755519324114e-01
7.937394258975908334e-01
5.290791247115048668e-01
2.394731637111257250e+00
8.441749112200321870e-01
-4.154213609511772654e-01
2.273596073149181385e-01
-8.022465488910093256e-01
-8.226048149634399564e-01
-8.530648198958010742e-01
-6.994433406601863190e-01
1.163025297704462391e+00
-3.024511950119631365e+00
-9.729620756293412276e-01
-2.425467402086750879e-01
-6.974543981249315960e-01
-7.931646133870231541e-01
-3.509565989520392892e-01
-1.063349492785763628e+00
-1.569974090104364617e+00
-1.157269050070578675e+00
-6.057832894258030620e-01
-9.234003324910194932e-01
-4.581267975439331508e-01
-1.346706804479513631e+00
8.330213957455631091e-01
-5.228722955849718357e-01
6.868177166371565168e-01
-1.724312219741260810e+00
-9.453965443827758719e-01
-6.289951837785902056e-01
-5.329517750784203978e-01
-9.481402558048568352e-01
-1.064148596871461461e+00
-2.267412415845631857e-01
-1.242744315376172359e+00
-6.565286812041487563e-01
-1.521439213386406086e+00
-1.150976073389917254e+00
-1.042886824756680486e+00
2.932095294054908874e-01
6.801002294709284079e-01
-4.950437564322030526e-01
-1.485593877752266145e+00
1.516470170775403803e+00
2.102770506356162361e+00
4.606718438854757181e-01
2.884293195117210162e-01
1.153587172392773974e+00
-8.771621967037642742e-01
-2.256671681250549621e+00
-1.417327567981542691e+00
-1.464236168767002244e+00
-1.040964647029584800e+00
7.733255576523457853e-01
2.556507780546257713e+00
4.935776055560172071e-01
1.388911826481877387e+00
-9.015584500364387521e-01
-9.737123921735284238e-02
6.683066240876951447e-01
-9.721922484110794294e-01
-1.095032423452943160e+00
1.537795531535615934e-01
-4.734849943703426933e-01
8.618796923907371399e-01
1.201645923567494556e+00
-6.955483215517169748e-01
1.150121518415609501e+00
1.286399360349438137e+00
-2.667524462880172531e-01
3.754644140291984455e-01
-1.350016469667134622e+00
-1.254055859131360640e+00
6.666211901694132358e-01
-3.686405230640016351e-01
-1.729911048687493569e+00
7.720083225244704916e-01
1.909774147898234686e-01
-4.321200608317462555e-01
-1.352766282710164303e+00
1.209598763978811498e+00
-1.058790387405312394e+00
-5.882047801489727057e-01
-1.932513916787311326e+00
-1.771124380893204897e+00
6.337293285317104896e-01
4.623771601212858795e-01
-8.526894017348135568e-01
-7.814354351046788327e-01
9.687457850163015693e-02
-6.682599585993501679e-01
-6.062745555582945700e-01
1.184827325518873486e-01
7.918098889117310968e-01
3.587481820740519023e-01
-6.526082639278836250e-01
-3.054840491136793790e-01
2.240539974881742502e+00
1.193201174306478762e+00
-5.706675618720946641e-01
6.947407192485212102e-01
6.007496603673958546e-01
7.886329199289718872e-01
9.603149505000289077e-01
-2.009294281183095610e+00
4.164227501036350532e-01
-7.905935892819044852e-01
2.977618947155115103e-01
2.247391809506858351e+00
4.259461574335899892e-01
-7.922135345660897832e-01
3.094901678980609416e-01
-2.023487224948359753e+00
-1.668733694707526249e-01
1.040862803857766972e+00
1.853283784530153910e-01
9.101368961939050317e-01
1.008619101342489444e+00
1.384358297572539254e+00
-6.950557030502435563e-01
8.828627717112748075e-01
-3.043945628958584781e-01
1.272506367252724258e-01
-1.032072129993860943e-01
5.464183045474970690e-01
2.518259537550254779e-01
-2.115864370565075259e+00
1.026207515194903719e+00
-7.962580263916579915e-01
-1.359751427917974265e-01
-2.776563628033872355e-01
1.855388135412027184e+00
-7.324560554577765892e-01
1.761976460260433752e+00
6.222681165821503102e-01
1.570705527527981982e+00
-3.735606962675314668e-01
-3.410717811194547422e-01
1.157793526615834567e+00
4.356754500216905579e-01
-1.195407387184735049e+00
-1.354662121704369060e+00
-3.692612393255494951e-01
-1.118140060755949516e+00
-2.811585656257264976e-01
6.475293001315578501e-01
1.187713824406892854e-01
-4.963547983048010592e-01
1.825618309367611269e+00
-1.315050509544359869e+00
-6.044130148414902370e-01
2.245303062507650327e-01
-1.076662831379096907e+00
-1.053182242313583927e+00
1.057266850898761268e+00
1.786858014109601323e+00
-1.552355041587395901e+00
1.244781359506750507e+00
9.192747768503198857e-01
-8.720303458879097303e-02
-1.147343467076622936e+00
1.397765395353874618e-01
2.005148891043476489e+00
4.022972255788163226e-02
-1.004281478675595363e+00
-6.825359732243097000e-01
1.357604462704687709e+00
-3.141249428878256644e-01
1.059303168163765463e+00
3.310679677641666374e-01
-1.692363535848442901e-01
-1.272890296922503772e+00
-6.341801302069042245e-01
-9.586842364549900131e-01
5.234210499572122810e-02
5.721949619654668195e-01
-1.759891730907327423e+00
-3.017474021461329925e-01
-7.008045658144012036e-01
1.571459786737815501e+00
9.303908489179506525e-01
-2.711900881106318884e-01
-1.347969836222390749e-01
3.501299467967761148e-01
-3.696177333450195168e-01
1.059489539911147027e+00
-2.354952931771717856e-02
1.459319144412877023e+00
4.149757594890352563e-01
-2.920690228852398235e-02
7.882380668893430864e-02
-6.607489040621349341e-01
7.353889243816165155e-01
-1.665819453125234162e+00
1.298005344701179453e+00
-2.846545483784367336e-01
1.163975194887001408e+00
3.096903431096029724e-01
-1.465875761230583663e-01
-1.757483592068368738e-01
